if (getName()=="M1"){
	freq_[0] = 0.089881;
	freq_[4] = 0.002738;
	freq_[6] = 0.141888;
	freq_[3] = 0.098515;
	freq_[7] = 0.072057;
	freq_[13] = 0.007332;
	freq_[9] = 0.014026;
	freq_[8] = 0.021442;
	freq_[11] = 0.092541;
	freq_[12] = 0.009278;
	freq_[10] = 0.030606;
	freq_[2] = 0.049615;
	freq_[5] = 0.06222;
	freq_[14] = 0.07083;
	freq_[15] = 0.061715;
	freq_[1] = 0.077329;
	freq_[16] = 0.055118;
	freq_[17] = 0.003619;
	freq_[19] = 0.027701;
	freq_[18] = 0.011549;
}


if (getName()=="M2"){
	freq_[0] = 0.107894;
	freq_[4] = 0.017151;
	freq_[6] = 0.021895;
	freq_[3] = 0.021606;
	freq_[7] = 0.025694;
	freq_[13] = 0.060355;
	freq_[9] = 0.11429;
	freq_[8] = 0.024783;
	freq_[11] = 0.040631;
	freq_[12] = 0.035007;
	freq_[10] = 0.158544;
	freq_[2] = 0.022494;
	freq_[5] = 0.020637;
	freq_[14] = 0.022624;
	freq_[15] = 0.032806;
	freq_[1] = 0.035779;
	freq_[16] = 0.041926;
	freq_[17] = 0.015774;
	freq_[19] = 0.125827;
	freq_[18] = 0.054283;
}


