_freq[0] = 0.076862;
_freq[1] = 0.051057;
_freq[2] = 0.042546;
_freq[3] = 0.051269;
_freq[4] = 0.020279;
_freq[5] = 0.041061;
_freq[6] = 0.06182;
_freq[7] = 0.074714;
_freq[8] = 0.022983;
_freq[9] = 0.052569;
_freq[10] = 0.091111;
_freq[11] = 0.059498;
_freq[12] = 0.023414;
_freq[13] = 0.04053;
_freq[14] = 0.050532;
_freq[15] = 0.068225;
_freq[16] = 0.058518;
_freq[17] = 0.014336;
_freq[18] = 0.032303;
_freq[19] = 0.066374;
