_exchangeability(0,0) = -21.30116;
_exchangeability(0,1) = 0.531678;
_exchangeability(0,2) = 0.557967;
_exchangeability(0,3) = 0.827445;
_exchangeability(0,4) = 0.574478;
_exchangeability(0,5) = 0.556725;
_exchangeability(0,6) = 1.066681;
_exchangeability(0,7) = 1.740159;
_exchangeability(0,8) = 0.21997;
_exchangeability(0,9) = 0.361684;
_exchangeability(0,10) = 0.310007;
_exchangeability(0,11) = 0.369437;
_exchangeability(0,12) = 0.469395;
_exchangeability(0,13) = 0.138293;
_exchangeability(0,14) = 1.959599;
_exchangeability(0,15) = 3.887095;
_exchangeability(0,16) = 4.582565;
_exchangeability(0,17) = 0.084329;
_exchangeability(0,18) = 0.139492;
_exchangeability(0,19) = 2.924161;
_exchangeability(1,0) = 0.531678;
_exchangeability(1,1) = -21.73326;
_exchangeability(1,2) = 0.451095;
_exchangeability(1,3) = 0.154899;
_exchangeability(1,4) = 1.019843;
_exchangeability(1,5) = 3.021995;
_exchangeability(1,6) = 0.318483;
_exchangeability(1,7) = 1.359652;
_exchangeability(1,8) = 3.210671;
_exchangeability(1,9) = 0.239195;
_exchangeability(1,10) = 0.372261;
_exchangeability(1,11) = 6.529255;
_exchangeability(1,12) = 0.431045;
_exchangeability(1,13) = 0.065314;
_exchangeability(1,14) = 0.710489;
_exchangeability(1,15) = 1.001551;
_exchangeability(1,16) = 0.650282;
_exchangeability(1,17) = 1.257961;
_exchangeability(1,18) = 0.235601;
_exchangeability(1,19) = 0.171995;
_exchangeability(2,0) = 0.557967;
_exchangeability(2,1) = 0.451095;
_exchangeability(2,2) = -25.00395;
_exchangeability(2,3) = 5.54953;
_exchangeability(2,4) = 0.313311;
_exchangeability(2,5) = 0.768834;
_exchangeability(2,6) = 0.578115;
_exchangeability(2,7) = 0.773313;
_exchangeability(2,8) = 4.025778;
_exchangeability(2,9) = 0.491003;
_exchangeability(2,10) = 0.137289;
_exchangeability(2,11) = 2.529517;
_exchangeability(2,12) = 0.33072;
_exchangeability(2,13) = 0.073481;
_exchangeability(2,14) = 0.121804;
_exchangeability(2,15) = 5.057964;
_exchangeability(2,16) = 2.351311;
_exchangeability(2,17) = 0.0277;
_exchangeability(2,18) = 0.700693;
_exchangeability(2,19) = 0.164525;
_exchangeability(3,0) = 0.827445;
_exchangeability(3,1) = 0.154899;
_exchangeability(3,2) = 5.54953;
_exchangeability(3,3) = -19.88119;
_exchangeability(3,4) = 0.105625;
_exchangeability(3,5) = 0.521646;
_exchangeability(3,6) = 7.766557;
_exchangeability(3,7) = 1.272434;
_exchangeability(3,8) = 1.032342;
_exchangeability(3,9) = 0.115968;
_exchangeability(3,10) = 0.061486;
_exchangeability(3,11) = 0.282466;
_exchangeability(3,12) = 0.190001;
_exchangeability(3,13) = 0.032522;
_exchangeability(3,14) = 0.127164;
_exchangeability(3,15) = 0.589268;
_exchangeability(3,16) = 0.425159;
_exchangeability(3,17) = 0.057466;
_exchangeability(3,18) = 0.453952;
_exchangeability(3,19) = 0.315261;
_exchangeability(4,0) = 0.574478;
_exchangeability(4,1) = 1.019843;
_exchangeability(4,2) = 0.313311;
_exchangeability(4,3) = 0.105625;
_exchangeability(4,4) = -11.47072;
_exchangeability(4,5) = 0.091304;
_exchangeability(4,6) = 0.053907;
_exchangeability(4,7) = 0.546389;
_exchangeability(4,8) = 0.724998;
_exchangeability(4,9) = 0.150559;
_exchangeability(4,10) = 0.164593;
_exchangeability(4,11) = 0.049009;
_exchangeability(4,12) = 0.409202;
_exchangeability(4,13) = 0.678335;
_exchangeability(4,14) = 0.123653;
_exchangeability(4,15) = 2.155331;
_exchangeability(4,16) = 0.469823;
_exchangeability(4,17) = 1.104181;
_exchangeability(4,18) = 2.114852;
_exchangeability(4,19) = 0.621323;
_exchangeability(5,0) = 0.556725;
_exchangeability(5,1) = 3.021995;
_exchangeability(5,2) = 0.768834;
_exchangeability(5,3) = 0.521646;
_exchangeability(5,4) = 0.091304;
_exchangeability(5,5) = -21.83765;
_exchangeability(5,6) = 3.417706;
_exchangeability(5,7) = 0.231294;
_exchangeability(5,8) = 5.68408;
_exchangeability(5,9) = 0.07827;
_exchangeability(5,10) = 0.709004;
_exchangeability(5,11) = 2.966732;
_exchangeability(5,12) = 0.456901;
_exchangeability(5,13) = 0.045683;
_exchangeability(5,14) = 1.608126;
_exchangeability(5,15) = 0.548807;
_exchangeability(5,16) = 0.523825;
_exchangeability(5,17) = 0.172206;
_exchangeability(5,18) = 0.254745;
_exchangeability(5,19) = 0.179771;
_exchangeability(6,0) = 1.066681;
_exchangeability(6,1) = 0.318483;
_exchangeability(6,2) = 0.578115;
_exchangeability(6,3) = 7.766557;
_exchangeability(6,4) = 0.053907;
_exchangeability(6,5) = 3.417706;
_exchangeability(6,6) = -18.19984;
_exchangeability(6,7) = 1.115632;
_exchangeability(6,8) = 0.243768;
_exchangeability(6,9) = 0.111773;
_exchangeability(6,10) = 0.097485;
_exchangeability(6,11) = 1.731684;
_exchangeability(6,12) = 0.175084;
_exchangeability(6,13) = 0.043829;
_exchangeability(6,14) = 0.191994;
_exchangeability(6,15) = 0.312449;
_exchangeability(6,16) = 0.331584;
_exchangeability(6,17) = 0.114381;
_exchangeability(6,18) = 0.063452;
_exchangeability(6,19) = 0.465271;
_exchangeability(7,0) = 1.740159;
_exchangeability(7,1) = 1.359652;
_exchangeability(7,2) = 0.773313;
_exchangeability(7,3) = 1.272434;
_exchangeability(7,4) = 0.546389;
_exchangeability(7,5) = 0.231294;
_exchangeability(7,6) = 1.115632;
_exchangeability(7,7) = -11.28032;
_exchangeability(7,8) = 0.201696;
_exchangeability(7,9) = 0.053769;
_exchangeability(7,10) = 0.069492;
_exchangeability(7,11) = 0.26984;
_exchangeability(7,12) = 0.130379;
_exchangeability(7,13) = 0.050212;
_exchangeability(7,14) = 0.208081;
_exchangeability(7,15) = 1.874296;
_exchangeability(7,16) = 0.316862;
_exchangeability(7,17) = 0.54418;
_exchangeability(7,18) = 0.0525;
_exchangeability(7,19) = 0.47014;
_exchangeability(8,0) = 0.21997;
_exchangeability(8,1) = 3.210671;
_exchangeability(8,2) = 4.025778;
_exchangeability(8,3) = 1.032342;
_exchangeability(8,4) = 0.724998;
_exchangeability(8,5) = 5.68408;
_exchangeability(8,6) = 0.243768;
_exchangeability(8,7) = 0.201696;
_exchangeability(8,8) = -25.83504;
_exchangeability(8,9) = 0.181788;
_exchangeability(8,10) = 0.540571;
_exchangeability(8,11) = 0.525096;
_exchangeability(8,12) = 0.32966;
_exchangeability(8,13) = 0.453428;
_exchangeability(8,14) = 1.141961;
_exchangeability(8,15) = 0.743458;
_exchangeability(8,16) = 0.477355;
_exchangeability(8,17) = 0.128193;
_exchangeability(8,18) = 5.8484;
_exchangeability(8,19) = 0.121827;
_exchangeability(9,0) = 0.361684;
_exchangeability(9,1) = 0.239195;
_exchangeability(9,2) = 0.491003;
_exchangeability(9,3) = 0.115968;
_exchangeability(9,4) = 0.150559;
_exchangeability(9,5) = 0.07827;
_exchangeability(9,6) = 0.111773;
_exchangeability(9,7) = 0.053769;
_exchangeability(9,8) = 0.181788;
_exchangeability(9,9) = -22.95987;
_exchangeability(9,10) = 2.335139;
_exchangeability(9,11) = 0.202562;
_exchangeability(9,12) = 4.831666;
_exchangeability(9,13) = 0.77709;
_exchangeability(9,14) = 0.09858;
_exchangeability(9,15) = 0.405119;
_exchangeability(9,16) = 2.553806;
_exchangeability(9,17) = 0.13451;
_exchangeability(9,18) = 0.303445;
_exchangeability(9,19) = 9.533943;
_exchangeability(10,0) = 0.310007;
_exchangeability(10,1) = 0.372261;
_exchangeability(10,2) = 0.137289;
_exchangeability(10,3) = 0.061486;
_exchangeability(10,4) = 0.164593;
_exchangeability(10,5) = 0.709004;
_exchangeability(10,6) = 0.097485;
_exchangeability(10,7) = 0.069492;
_exchangeability(10,8) = 0.540571;
_exchangeability(10,9) = 2.335139;
_exchangeability(10,10) = -15.75939;
_exchangeability(10,11) = 0.146481;
_exchangeability(10,12) = 3.856906;
_exchangeability(10,13) = 2.500294;
_exchangeability(10,14) = 1.060504;
_exchangeability(10,15) = 0.592511;
_exchangeability(10,16) = 0.272514;
_exchangeability(10,17) = 0.530324;
_exchangeability(10,18) = 0.241094;
_exchangeability(10,19) = 1.761439;
_exchangeability(11,0) = 0.369437;
_exchangeability(11,1) = 6.529255;
_exchangeability(11,2) = 2.529517;
_exchangeability(11,3) = 0.282466;
_exchangeability(11,4) = 0.049009;
_exchangeability(11,5) = 2.966732;
_exchangeability(11,6) = 1.731684;
_exchangeability(11,7) = 0.26984;
_exchangeability(11,8) = 0.525096;
_exchangeability(11,9) = 0.202562;
_exchangeability(11,10) = 0.146481;
_exchangeability(11,11) = -18.20875;
_exchangeability(11,12) = 0.624581;
_exchangeability(11,13) = 0.024521;
_exchangeability(11,14) = 0.216345;
_exchangeability(11,15) = 0.474478;
_exchangeability(11,16) = 0.965641;
_exchangeability(11,17) = 0.089134;
_exchangeability(11,18) = 0.087904;
_exchangeability(11,19) = 0.124066;
_exchangeability(12,0) = 0.469395;
_exchangeability(12,1) = 0.431045;
_exchangeability(12,2) = 0.33072;
_exchangeability(12,3) = 0.190001;
_exchangeability(12,4) = 0.409202;
_exchangeability(12,5) = 0.456901;
_exchangeability(12,6) = 0.175084;
_exchangeability(12,7) = 0.130379;
_exchangeability(12,8) = 0.32966;
_exchangeability(12,9) = 4.831666;
_exchangeability(12,10) = 3.856906;
_exchangeability(12,11) = 0.624581;
_exchangeability(12,12) = -18.66596;
_exchangeability(12,13) = 0.436181;
_exchangeability(12,14) = 0.164215;
_exchangeability(12,15) = 0.285564;
_exchangeability(12,16) = 2.114728;
_exchangeability(12,17) = 0.201334;
_exchangeability(12,18) = 0.18987;
_exchangeability(12,19) = 3.038533;
_exchangeability(13,0) = 0.138293;
_exchangeability(13,1) = 0.065314;
_exchangeability(13,2) = 0.073481;
_exchangeability(13,3) = 0.032522;
_exchangeability(13,4) = 0.678335;
_exchangeability(13,5) = 0.045683;
_exchangeability(13,6) = 0.043829;
_exchangeability(13,7) = 0.050212;
_exchangeability(13,8) = 0.453428;
_exchangeability(13,9) = 0.77709;
_exchangeability(13,10) = 2.500294;
_exchangeability(13,11) = 0.024521;
_exchangeability(13,12) = 0.436181;
_exchangeability(13,13) = -13.16618;
_exchangeability(13,14) = 0.148483;
_exchangeability(13,15) = 0.943971;
_exchangeability(13,16) = 0.138904;
_exchangeability(13,17) = 0.537922;
_exchangeability(13,18) = 5.484236;
_exchangeability(13,19) = 0.593478;
_exchangeability(14,0) = 1.959599;
_exchangeability(14,1) = 0.710489;
_exchangeability(14,2) = 0.121804;
_exchangeability(14,3) = 0.127164;
_exchangeability(14,4) = 0.123653;
_exchangeability(14,5) = 1.608126;
_exchangeability(14,6) = 0.191994;
_exchangeability(14,7) = 0.208081;
_exchangeability(14,8) = 1.141961;
_exchangeability(14,9) = 0.09858;
_exchangeability(14,10) = 1.060504;
_exchangeability(14,11) = 0.216345;
_exchangeability(14,12) = 0.164215;
_exchangeability(14,13) = 0.148483;
_exchangeability(14,14) = -12.24174;
_exchangeability(14,15) = 2.788406;
_exchangeability(14,16) = 1.176961;
_exchangeability(14,17) = 0.069965;
_exchangeability(14,18) = 0.11385;
_exchangeability(14,19) = 0.211561;
_exchangeability(15,0) = 3.887095;
_exchangeability(15,1) = 1.001551;
_exchangeability(15,2) = 5.057964;
_exchangeability(15,3) = 0.589268;
_exchangeability(15,4) = 2.155331;
_exchangeability(15,5) = 0.548807;
_exchangeability(15,6) = 0.312449;
_exchangeability(15,7) = 1.874296;
_exchangeability(15,8) = 0.743458;
_exchangeability(15,9) = 0.405119;
_exchangeability(15,10) = 0.592511;
_exchangeability(15,11) = 0.474478;
_exchangeability(15,12) = 0.285564;
_exchangeability(15,13) = 0.943971;
_exchangeability(15,14) = 2.788406;
_exchangeability(15,15) = -27.78598;
_exchangeability(15,16) = 4.777647;
_exchangeability(15,17) = 0.310927;
_exchangeability(15,18) = 0.628608;
_exchangeability(15,19) = 0.408532;
_exchangeability(16,0) = 4.582565;
_exchangeability(16,1) = 0.650282;
_exchangeability(16,2) = 2.351311;
_exchangeability(16,3) = 0.425159;
_exchangeability(16,4) = 0.469823;
_exchangeability(16,5) = 0.523825;
_exchangeability(16,6) = 0.331584;
_exchangeability(16,7) = 0.316862;
_exchangeability(16,8) = 0.477355;
_exchangeability(16,9) = 2.553806;
_exchangeability(16,10) = 0.272514;
_exchangeability(16,11) = 0.965641;
_exchangeability(16,12) = 2.114728;
_exchangeability(16,13) = 0.138904;
_exchangeability(16,14) = 1.176961;
_exchangeability(16,15) = 4.777647;
_exchangeability(16,16) = -23.55460;
_exchangeability(16,17) = 0.080556;
_exchangeability(16,18) = 0.201094;
_exchangeability(16,19) = 1.14398;
_exchangeability(17,0) = 0.084329;
_exchangeability(17,1) = 1.257961;
_exchangeability(17,2) = 0.0277;
_exchangeability(17,3) = 0.057466;
_exchangeability(17,4) = 1.104181;
_exchangeability(17,5) = 0.172206;
_exchangeability(17,6) = 0.114381;
_exchangeability(17,7) = 0.54418;
_exchangeability(17,8) = 0.128193;
_exchangeability(17,9) = 0.13451;
_exchangeability(17,10) = 0.530324;
_exchangeability(17,11) = 0.089134;
_exchangeability(17,12) = 0.201334;
_exchangeability(17,13) = 0.537922;
_exchangeability(17,14) = 0.069965;
_exchangeability(17,15) = 0.310927;
_exchangeability(17,16) = 0.080556;
_exchangeability(17,17) = -6.432855;
_exchangeability(17,18) = 0.747889;
_exchangeability(17,19) = 0.239697;
_exchangeability(18,0) = 0.139492;
_exchangeability(18,1) = 0.235601;
_exchangeability(18,2) = 0.700693;
_exchangeability(18,3) = 0.453952;
_exchangeability(18,4) = 2.114852;
_exchangeability(18,5) = 0.254745;
_exchangeability(18,6) = 0.063452;
_exchangeability(18,7) = 0.0525;
_exchangeability(18,8) = 5.8484;
_exchangeability(18,9) = 0.303445;
_exchangeability(18,10) = 0.241094;
_exchangeability(18,11) = 0.087904;
_exchangeability(18,12) = 0.18987;
_exchangeability(18,13) = 5.484236;
_exchangeability(18,14) = 0.11385;
_exchangeability(18,15) = 0.628608;
_exchangeability(18,16) = 0.201094;
_exchangeability(18,17) = 0.747889;
_exchangeability(18,18) = -18.02715;
_exchangeability(18,19) = 0.165473;
_exchangeability(19,0) = 2.924161;
_exchangeability(19,1) = 0.171995;
_exchangeability(19,2) = 0.164525;
_exchangeability(19,3) = 0.315261;
_exchangeability(19,4) = 0.621323;
_exchangeability(19,5) = 0.179771;
_exchangeability(19,6) = 0.465271;
_exchangeability(19,7) = 0.47014;
_exchangeability(19,8) = 0.121827;
_exchangeability(19,9) = 9.533943;
_exchangeability(19,10) = 1.761439;
_exchangeability(19,11) = 0.124066;
_exchangeability(19,12) = 3.038533;
_exchangeability(19,13) = 0.593478;
_exchangeability(19,14) = 0.211561;
_exchangeability(19,15) = 0.408532;
_exchangeability(19,16) = 1.14398;
_exchangeability(19,17) = 0.239697;
_exchangeability(19,18) = 0.165473;
_exchangeability(19,19) = -22.65498;
