_exchangeability(0,0) = -1.178261;
_exchangeability(0,1) = 0.01842947;
_exchangeability(0,2) = 0.06141885;
_exchangeability(0,3) = 0.1003935;
_exchangeability(0,4) = 0.00940071;
_exchangeability(0,5) = 0.1221467;
_exchangeability(0,6) = 0.01167742;
_exchangeability(0,7) = 0.03344882;
_exchangeability(0,8) = 0.01323970;
_exchangeability(0,9) = 0.02080548;
_exchangeability(0,10) = 0.03674673;
_exchangeability(0,11) = 0.05039591;
_exchangeability(0,12) = 0.1272560;
_exchangeability(0,13) = 0.04544469;
_exchangeability(0,14) = 0.0137103;
_exchangeability(0,15) = 0.2074180;
_exchangeability(0,16) = 0.1884004;
_exchangeability(0,17) = 0.1054305;
_exchangeability(0,18) = 0;
_exchangeability(0,19) = 0.01249764;
_exchangeability(1,0) = 0.01842947;
_exchangeability(1,1) = -0.2460524;
_exchangeability(1,2) = 0;
_exchangeability(1,3) = 0;
_exchangeability(1,4) = 0;
_exchangeability(1,5) = 0.005491635;
_exchangeability(1,6) = 0.01447309;
_exchangeability(1,7) = 0.02242531;
_exchangeability(1,8) = 0;
_exchangeability(1,9) = 0;
_exchangeability(1,10) = 0;
_exchangeability(1,11) = 0;
_exchangeability(1,12) = 0.009600814;
_exchangeability(1,13) = 0;
_exchangeability(1,14) = 0.01189539;
_exchangeability(1,15) = 0.08182095;
_exchangeability(1,16) = 0.008311628;
_exchangeability(1,17) = 0.02481100;
_exchangeability(1,18) = 0;
_exchangeability(1,19) = 0.04879313;
_exchangeability(2,0) = 0.06141885;
_exchangeability(2,1) = 0;
_exchangeability(2,2) = -1.426336;
_exchangeability(2,3) = 0.5829933;
_exchangeability(2,4) = 0;
_exchangeability(2,5) = 0.06352668;
_exchangeability(2,6) = 0.04444586;
_exchangeability(2,7) = 0.01224727;
_exchangeability(2,8) = 0.03669927;
_exchangeability(2,9) = 0;
_exchangeability(2,10) = 0;
_exchangeability(2,11) = 0.4572104;
_exchangeability(2,12) = 0.006856481;
_exchangeability(2,13) = 0.06903326;
_exchangeability(2,14) = 0;
_exchangeability(2,15) = 0.04894327;
_exchangeability(2,16) = 0.03383346;
_exchangeability(2,17) = 0.00912812;
_exchangeability(2,18) = 0;
_exchangeability(2,19) = 0;
_exchangeability(3,0) = 0.1003935;
_exchangeability(3,1) = 0;
_exchangeability(3,2) = 0.5829933;
_exchangeability(3,3) = -1.395512;
_exchangeability(3,4) = 0;
_exchangeability(3,5) = 0.04156208;
_exchangeability(3,6) = 0.02249672;
_exchangeability(3,7) = 0.03120206;
_exchangeability(3,8) = 0.04249227;
_exchangeability(3,9) = 0.005778405;
_exchangeability(3,10) = 0.01560308;
_exchangeability(3,11) = 0.07644864;
_exchangeability(3,12) = 0.02595383;
_exchangeability(3,13) = 0.3627384;
_exchangeability(3,14) = 0;
_exchangeability(3,15) = 0.04064536;
_exchangeability(3,16) = 0.01741282;
_exchangeability(3,17) = 0.01879978;
_exchangeability(3,18) = 0;
_exchangeability(3,19) = 0.01099151;
_exchangeability(4,0) = 0.00940071;
_exchangeability(4,1) = 0;
_exchangeability(4,2) = 0;
_exchangeability(4,3) = 0;
_exchangeability(4,4) = -0.7204106;
_exchangeability(4,5) = 0.007856645;
_exchangeability(4,6) = 0.02436303;
_exchangeability(4,7) = 0.09992172;
_exchangeability(4,8) = 0;
_exchangeability(4,9) = 0.08012162;
_exchangeability(4,10) = 0.04719065;
_exchangeability(4,11) = 0.007090065;
_exchangeability(4,12) = 0.005656879;
_exchangeability(4,13) = 0;
_exchangeability(4,14) = 0.007008313;
_exchangeability(4,15) = 0.02354265;
_exchangeability(4,16) = 0.006995464;
_exchangeability(4,17) = 0.006327477;
_exchangeability(4,18) = 0.03902543;
_exchangeability(4,19) = 0.3559099;
_exchangeability(5,0) = 0.1221467;
_exchangeability(5,1) = 0.005491635;
_exchangeability(5,2) = 0.06352668;
_exchangeability(5,3) = 0.04156208;
_exchangeability(5,4) = 0.007856645;
_exchangeability(5,5) = -0.5418572;
_exchangeability(5,6) = 0.005467268;
_exchangeability(5,7) = 0;
_exchangeability(5,8) = 0.01370288;
_exchangeability(5,9) = 0.003660851;
_exchangeability(5,10) = 0.00872146;
_exchangeability(5,11) = 0.07091713;
_exchangeability(5,12) = 0.01777100;
_exchangeability(5,13) = 0.01441433;
_exchangeability(5,14) = 0.004494082;
_exchangeability(5,15) = 0.1188772;
_exchangeability(5,16) = 0.01569824;
_exchangeability(5,17) = 0.02754904;
_exchangeability(5,18) = 0;
_exchangeability(5,19) = 0;
_exchangeability(6,0) = 0.01167742;
_exchangeability(6,1) = 0.01447309;
_exchangeability(6,2) = 0.04444586;
_exchangeability(6,3) = 0.02249672;
_exchangeability(6,4) = 0.02436303;
_exchangeability(6,5) = 0.005467268;
_exchangeability(6,6) = -1.042519;
_exchangeability(6,7) = 0.003940711;
_exchangeability(6,8) = 0.01384580;
_exchangeability(6,9) = 0.02270328;
_exchangeability(6,10) = 0;
_exchangeability(6,11) = 0.2708;
_exchangeability(6,12) = 0.04779721;
_exchangeability(6,13) = 0.3077386;
_exchangeability(6,14) = 0.121995;
_exchangeability(6,15) = 0.01810323;
_exchangeability(6,16) = 0.01158614;
_exchangeability(6,17) = 0.02245812;
_exchangeability(6,18) = 0.01385036;
_exchangeability(6,19) = 0.0647767;
_exchangeability(7,0) = 0.03344882;
_exchangeability(7,1) = 0.02242531;
_exchangeability(7,2) = 0.01224727;
_exchangeability(7,3) = 0.03120206;
_exchangeability(7,4) = 0.09992172;
_exchangeability(7,5) = 0;
_exchangeability(7,6) = 0.003940711;
_exchangeability(7,7) = -1.195468;
_exchangeability(7,8) = 0.02359159;
_exchangeability(7,9) = 0.1308785;
_exchangeability(7,10) = 0.1706049;
_exchangeability(7,11) = 0.03931568;
_exchangeability(7,12) = 0.006099473;
_exchangeability(7,13) = 0.009234443;
_exchangeability(7,14) = 0.03238472;
_exchangeability(7,15) = 0.01269299;
_exchangeability(7,16) = 0.09730015;
_exchangeability(7,17) = 0.4509919;
_exchangeability(7,18) = 0;
_exchangeability(7,19) = 0.01918801;
_exchangeability(8,0) = 0.01323970;
_exchangeability(8,1) = 0;
_exchangeability(8,2) = 0.03669927;
_exchangeability(8,3) = 0.04249227;
_exchangeability(8,4) = 0;
_exchangeability(8,5) = 0.01370288;
_exchangeability(8,6) = 0.01384580;
_exchangeability(8,7) = 0.02359159;
_exchangeability(8,8) = -0.8984555;
_exchangeability(8,9) = 0.009246524;
_exchangeability(8,10) = 0.1234586;
_exchangeability(8,11) = 0.1611673;
_exchangeability(8,12) = 0.01717033;
_exchangeability(8,13) = 0.07776266;
_exchangeability(8,14) = 0.2359954;
_exchangeability(8,15) = 0.04886443;
_exchangeability(8,16) = 0.0691381;
_exchangeability(8,17) = 0.005316153;
_exchangeability(8,18) = 0;
_exchangeability(8,19) = 0.00676444;
_exchangeability(9,0) = 0.02080548;
_exchangeability(9,1) = 0;
_exchangeability(9,2) = 0;
_exchangeability(9,3) = 0.005778405;
_exchangeability(9,4) = 0.08012162;
_exchangeability(9,5) = 0.003660851;
_exchangeability(9,6) = 0.02270328;
_exchangeability(9,7) = 0.1308785;
_exchangeability(9,8) = 0.009246524;
_exchangeability(9,9) = -0.7732872;
_exchangeability(9,10) = 0.2677332;
_exchangeability(9,11) = 0.01746181;
_exchangeability(9,12) = 0.01618947;
_exchangeability(9,13) = 0.03740872;
_exchangeability(9,14) = 0.007930667;
_exchangeability(9,15) = 0.008775723;
_exchangeability(9,16) = 0.01694873;
_exchangeability(9,17) = 0.08933574;
_exchangeability(9,18) = 0.02363863;
_exchangeability(9,19) = 0.01466982;
_exchangeability(10,0) = 0.03674673;
_exchangeability(10,1) = 0;
_exchangeability(10,2) = 0;
_exchangeability(10,3) = 0.01560308;
_exchangeability(10,4) = 0.04719065;
_exchangeability(10,5) = 0.00872146;
_exchangeability(10,6) = 0;
_exchangeability(10,7) = 0.1706049;
_exchangeability(10,8) = 0.1234586;
_exchangeability(10,9) = 0.2677332;
_exchangeability(10,10) = -0.998266;
_exchangeability(10,11) = 0;
_exchangeability(10,12) = 0.008712912;
_exchangeability(10,13) = 0.05771745;
_exchangeability(10,14) = 0.04588329;
_exchangeability(10,15) = 0.03173572;
_exchangeability(10,16) = 0.05280494;
_exchangeability(10,17) = 0.1313530;
_exchangeability(10,18) = 0;
_exchangeability(10,19) = 0;
_exchangeability(11,0) = 0.05039591;
_exchangeability(11,1) = 0;
_exchangeability(11,2) = 0.4572104;
_exchangeability(11,3) = 0.07644864;
_exchangeability(11,4) = 0.007090065;
_exchangeability(11,5) = 0.07091713;
_exchangeability(11,6) = 0.2708;
_exchangeability(11,7) = 0.03931568;
_exchangeability(11,8) = 0.1611673;
_exchangeability(11,9) = 0.01746181;
_exchangeability(11,10) = 0;
_exchangeability(11,11) = -1.676145;
_exchangeability(11,12) = 0.02146139;
_exchangeability(11,13) = 0.05265009;
_exchangeability(11,14) = 0.01674238;
_exchangeability(11,15) = 0.2501122;
_exchangeability(11,16) = 0.1162897;
_exchangeability(11,17) = 0.00809156;
_exchangeability(11,18) = 0.01151627;
_exchangeability(11,19) = 0.04847451;
_exchangeability(12,0) = 0.1272560;
_exchangeability(12,1) = 0.009600814;
_exchangeability(12,2) = 0.006856481;
_exchangeability(12,3) = 0.02595383;
_exchangeability(12,4) = 0.005656879;
_exchangeability(12,5) = 0.01777100;
_exchangeability(12,6) = 0.04779721;
_exchangeability(12,7) = 0.006099473;
_exchangeability(12,8) = 0.01717033;
_exchangeability(12,9) = 0.01618947;
_exchangeability(12,10) = 0.008712912;
_exchangeability(12,11) = 0.02146139;
_exchangeability(12,12) = -0.6304464;
_exchangeability(12,13) = 0.07812662;
_exchangeability(12,14) = 0.05264005;
_exchangeability(12,15) = 0.1242502;
_exchangeability(12,16) = 0.04007499;
_exchangeability(12,17) = 0.02482882;
_exchangeability(12,18) = 0;
_exchangeability(12,19) = 0;
_exchangeability(13,0) = 0.04544469;
_exchangeability(13,1) = 0;
_exchangeability(13,2) = 0.06903326;
_exchangeability(13,3) = 0.3627384;
_exchangeability(13,4) = 0;
_exchangeability(13,5) = 0.01441433;
_exchangeability(13,6) = 0.3077386;
_exchangeability(13,7) = 0.009234443;
_exchangeability(13,8) = 0.07776266;
_exchangeability(13,9) = 0.03740872;
_exchangeability(13,10) = 0.05771745;
_exchangeability(13,11) = 0.05265009;
_exchangeability(13,12) = 0.07812662;
_exchangeability(13,13) = -1.310603;
_exchangeability(13,14) = 0.1249022;
_exchangeability(13,15) = 0.02876036;
_exchangeability(13,16) = 0.02690844;
_exchangeability(13,17) = 0.0177623;
_exchangeability(13,18) = 0;
_exchangeability(13,19) = 0;
_exchangeability(14,0) = 0.0137103;
_exchangeability(14,1) = 0.01189539;
_exchangeability(14,2) = 0;
_exchangeability(14,3) = 0;
_exchangeability(14,4) = 0.007008313;
_exchangeability(14,5) = 0.004494082;
_exchangeability(14,6) = 0.121995;
_exchangeability(14,7) = 0.03238472;
_exchangeability(14,8) = 0.2359954;
_exchangeability(14,9) = 0.007930667;
_exchangeability(14,10) = 0.04588329;
_exchangeability(14,11) = 0.01674238;
_exchangeability(14,12) = 0.05264005;
_exchangeability(14,13) = 0.1249022;
_exchangeability(14,14) = -0.8863385;
_exchangeability(14,15) = 0.07840315;
_exchangeability(14,16) = 0.01360367;
_exchangeability(14,17) = 0.01230460;
_exchangeability(14,18) = 0.1024518;
_exchangeability(14,19) = 0.003993488;
_exchangeability(15,0) = 0.2074180;
_exchangeability(15,1) = 0.08182095;
_exchangeability(15,2) = 0.04894327;
_exchangeability(15,3) = 0.04064536;
_exchangeability(15,4) = 0.02354265;
_exchangeability(15,5) = 0.1188772;
_exchangeability(15,6) = 0.01810323;
_exchangeability(15,7) = 0.01269299;
_exchangeability(15,8) = 0.04886443;
_exchangeability(15,9) = 0.008775723;
_exchangeability(15,10) = 0.03173572;
_exchangeability(15,11) = 0.2501122;
_exchangeability(15,12) = 0.1242502;
_exchangeability(15,13) = 0.02876036;
_exchangeability(15,14) = 0.07840315;
_exchangeability(15,15) = -1.471944;
_exchangeability(15,16) = 0.2783071;
_exchangeability(15,17) = 0.01555358;
_exchangeability(15,18) = 0.03792304;
_exchangeability(15,19) = 0.01721487;
_exchangeability(16,0) = 0.1884004;
_exchangeability(16,1) = 0.008311628;
_exchangeability(16,2) = 0.03383346;
_exchangeability(16,3) = 0.01741282;
_exchangeability(16,4) = 0.006995464;
_exchangeability(16,5) = 0.01569824;
_exchangeability(16,6) = 0.01158614;
_exchangeability(16,7) = 0.09730015;
_exchangeability(16,8) = 0.0691381;
_exchangeability(16,9) = 0.01694873;
_exchangeability(16,10) = 0.05280494;
_exchangeability(16,11) = 0.1162897;
_exchangeability(16,12) = 0.04007499;
_exchangeability(16,13) = 0.02690844;
_exchangeability(16,14) = 0.01360367;
_exchangeability(16,15) = 0.2783071;
_exchangeability(16,16) = -1.094963;
_exchangeability(16,17) = 0.07995971;
_exchangeability(16,18) = 0;
_exchangeability(16,19) = 0.02138947;
_exchangeability(17,0) = 0.1054305;
_exchangeability(17,1) = 0.02481100;
_exchangeability(17,2) = 0.00912812;
_exchangeability(17,3) = 0.01879978;
_exchangeability(17,4) = 0.006327477;
_exchangeability(17,5) = 0.02754904;
_exchangeability(17,6) = 0.02245812;
_exchangeability(17,7) = 0.4509919;
_exchangeability(17,8) = 0.005316153;
_exchangeability(17,9) = 0.08933574;
_exchangeability(17,10) = 0.1313530;
_exchangeability(17,11) = 0.00809156;
_exchangeability(17,12) = 0.02482882;
_exchangeability(17,13) = 0.0177623;
_exchangeability(17,14) = 0.01230460;
_exchangeability(17,15) = 0.01555358;
_exchangeability(17,16) = 0.07995971;
_exchangeability(17,17) = -1.064303;
_exchangeability(17,18) = 0;
_exchangeability(17,19) = 0.01430160;
_exchangeability(18,0) = 0;
_exchangeability(18,1) = 0;
_exchangeability(18,2) = 0;
_exchangeability(18,3) = 0;
_exchangeability(18,4) = 0.03902543;
_exchangeability(18,5) = 0;
_exchangeability(18,6) = 0.01385036;
_exchangeability(18,7) = 0;
_exchangeability(18,8) = 0;
_exchangeability(18,9) = 0.02363863;
_exchangeability(18,10) = 0;
_exchangeability(18,11) = 0.01151627;
_exchangeability(18,12) = 0;
_exchangeability(18,13) = 0;
_exchangeability(18,14) = 0.1024518;
_exchangeability(18,15) = 0.03792304;
_exchangeability(18,16) = 0;
_exchangeability(18,17) = 0;
_exchangeability(18,18) = -0.259533;
_exchangeability(18,19) = 0.03112752;
_exchangeability(19,0) = 0.01249764;
_exchangeability(19,1) = 0.04879313;
_exchangeability(19,2) = 0;
_exchangeability(19,3) = 0.01099151;
_exchangeability(19,4) = 0.3559099;
_exchangeability(19,5) = 0;
_exchangeability(19,6) = 0.0647767;
_exchangeability(19,7) = 0.01918801;
_exchangeability(19,8) = 0.00676444;
_exchangeability(19,9) = 0.01466982;
_exchangeability(19,10) = 0;
_exchangeability(19,11) = 0.04847451;
_exchangeability(19,12) = 0;
_exchangeability(19,13) = 0;
_exchangeability(19,14) = 0.003993488;
_exchangeability(19,15) = 0.01721487;
_exchangeability(19,16) = 0.02138947;
_exchangeability(19,17) = 0.01430160;
_exchangeability(19,18) = 0.03112752;
_exchangeability(19,19) = -0.6700926;
