_exchangeability(0,0) = -1.104330;
_exchangeability(0,1) = 0.02978303;
_exchangeability(0,2) = 0.04289777;
_exchangeability(0,3) = 0.05530063;
_exchangeability(0,4) = 0.007169613;
_exchangeability(0,5) = 0.09021619;
_exchangeability(0,6) = 0.01140405;
_exchangeability(0,7) = 0.01875102;
_exchangeability(0,8) = 0.01915296;
_exchangeability(0,9) = 0.01607189;
_exchangeability(0,10) = 0.02433515;
_exchangeability(0,11) = 0.02892704;
_exchangeability(0,12) = 0.1015928;
_exchangeability(0,13) = 0.02886265;
_exchangeability(0,14) = 0.02756413;
_exchangeability(0,15) = 0.2015212;
_exchangeability(0,16) = 0.2375769;
_exchangeability(0,17) = 0.1515992;
_exchangeability(0,18) = 0.004371923;
_exchangeability(0,19) = 0.007231774;
_exchangeability(1,0) = 0.02978303;
_exchangeability(1,1) = -0.5946837;
_exchangeability(1,2) = 0.005475985;
_exchangeability(1,3) = 0.002794735;
_exchangeability(1,4) = 0.03516736;
_exchangeability(1,5) = 0.0283268;
_exchangeability(1,6) = 0.03758654;
_exchangeability(1,7) = 0.007805528;
_exchangeability(1,8) = 0.002540805;
_exchangeability(1,9) = 0.008533101;
_exchangeability(1,10) = 0.02121452;
_exchangeability(1,11) = 0.01624318;
_exchangeability(1,12) = 0.006410622;
_exchangeability(1,13) = 0.004733532;
_exchangeability(1,14) = 0.05287238;
_exchangeability(1,15) = 0.1117402;
_exchangeability(1,16) = 0.02435734;
_exchangeability(1,17) = 0.03221165;
_exchangeability(1,18) = 0.05724477;
_exchangeability(1,19) = 0.1096416;
_exchangeability(2,0) = 0.04289777;
_exchangeability(2,1) = 0.005475985;
_exchangeability(2,2) = -1.030713;
_exchangeability(2,3) = 0.4026466;
_exchangeability(2,4) = 0.001686059;
_exchangeability(2,5) = 0.06596762;
_exchangeability(2,6) = 0.05352037;
_exchangeability(2,7) = 0.006012204;
_exchangeability(2,8) = 0.01464407;
_exchangeability(2,9) = 0.003187658;
_exchangeability(2,10) = 0.009850345;
_exchangeability(2,11) = 0.2877079;
_exchangeability(2,12) = 0.006592646;
_exchangeability(2,13) = 0.02704403;
_exchangeability(2,14) = 0.008030529;
_exchangeability(2,15) = 0.0305498;
_exchangeability(2,16) = 0.02204179;
_exchangeability(2,17) = 0.01634428;
_exchangeability(2,18) = 0.002979247;
_exchangeability(2,19) = 0.02353453;
_exchangeability(3,0) = 0.05530063;
_exchangeability(3,1) = 0.002794735;
_exchangeability(3,2) = 0.4026466;
_exchangeability(3,3) = -0.9435458;
_exchangeability(3,4) = 0.002272255;
_exchangeability(3,5) = 0.05783843;
_exchangeability(3,6) = 0.01263782;
_exchangeability(3,7) = 0.00579472;
_exchangeability(3,8) = 0.08977681;
_exchangeability(3,9) = 0.005053978;
_exchangeability(3,10) = 0.009076993;
_exchangeability(3,11) = 0.02997159;
_exchangeability(3,12) = 0.00995367;
_exchangeability(3,13) = 0.1771863;
_exchangeability(3,14) = 0.01651132;
_exchangeability(3,15) = 0.01619850;
_exchangeability(3,16) = 0.01719052;
_exchangeability(3,17) = 0.02412135;
_exchangeability(3,18) = 0.005929928;
_exchangeability(3,19) = 0.003289583;
_exchangeability(4,0) = 0.007169613;
_exchangeability(4,1) = 0.03516736;
_exchangeability(4,2) = 0.001686059;
_exchangeability(4,3) = 0.002272255;
_exchangeability(4,4) = -0.6825826;
_exchangeability(4,5) = 0.002603173;
_exchangeability(4,6) = 0.02350736;
_exchangeability(4,7) = 0.04028718;
_exchangeability(4,8) = 0.001271258;
_exchangeability(4,9) = 0.1296244;
_exchangeability(4,10) = 0.02261321;
_exchangeability(4,11) = 0.003809523;
_exchangeability(4,12) = 0.0076979;
_exchangeability(4,13) = 0.002368373;
_exchangeability(4,14) = 0.003386116;
_exchangeability(4,15) = 0.0489389;
_exchangeability(4,16) = 0.00720129;
_exchangeability(4,17) = 0.03076806;
_exchangeability(4,18) = 0.02788784;
_exchangeability(4,19) = 0.2843228;
_exchangeability(5,0) = 0.09021619;
_exchangeability(5,1) = 0.0283268;
_exchangeability(5,2) = 0.06596762;
_exchangeability(5,3) = 0.05783843;
_exchangeability(5,4) = 0.002603173;
_exchangeability(5,5) = -0.5848129;
_exchangeability(5,6) = 0.01045666;
_exchangeability(5,7) = 0.002787581;
_exchangeability(5,8) = 0.01398949;
_exchangeability(5,9) = 0.003602719;
_exchangeability(5,10) = 0.006759323;
_exchangeability(5,11) = 0.04009137;
_exchangeability(5,12) = 0.01078768;
_exchangeability(5,13) = 0.01199112;
_exchangeability(5,14) = 0.07048932;
_exchangeability(5,15) = 0.09717034;
_exchangeability(5,16) = 0.01642728;
_exchangeability(5,17) = 0.02437377;
_exchangeability(5,18) = 0.02821228;
_exchangeability(5,19) = 0.002721791;
_exchangeability(6,0) = 0.01140405;
_exchangeability(6,1) = 0.03758654;
_exchangeability(6,2) = 0.05352037;
_exchangeability(6,3) = 0.01263782;
_exchangeability(6,4) = 0.02350736;
_exchangeability(6,5) = 0.01045666;
_exchangeability(6,6) = -1.339383;
_exchangeability(6,7) = 0.009424553;
_exchangeability(6,8) = 0.02722289;
_exchangeability(6,9) = 0.02802517;
_exchangeability(6,10) = 0.01709078;
_exchangeability(6,11) = 0.208711;
_exchangeability(6,12) = 0.05920342;
_exchangeability(6,13) = 0.2946834;
_exchangeability(6,14) = 0.1664529;
_exchangeability(6,15) = 0.03854357;
_exchangeability(6,16) = 0.02474782;
_exchangeability(6,17) = 0.006315956;
_exchangeability(6,18) = 0.006645993;
_exchangeability(6,19) = 0.3032024;
_exchangeability(7,0) = 0.01875102;
_exchangeability(7,1) = 0.007805528;
_exchangeability(7,2) = 0.006012204;
_exchangeability(7,3) = 0.00579472;
_exchangeability(7,4) = 0.04028718;
_exchangeability(7,5) = 0.002787581;
_exchangeability(7,6) = 0.009424553;
_exchangeability(7,7) = -1.190323;
_exchangeability(7,8) = 0.01050155;
_exchangeability(7,9) = 0.1210621;
_exchangeability(7,10) = 0.2504912;
_exchangeability(7,11) = 0.02545539;
_exchangeability(7,12) = 0.005110747;
_exchangeability(7,13) = 0.004057802;
_exchangeability(7,14) = 0.01240074;
_exchangeability(7,15) = 0.02100285;
_exchangeability(7,16) = 0.1323986;
_exchangeability(7,17) = 0.4942744;
_exchangeability(7,18) = 0.006973489;
_exchangeability(7,19) = 0.01573170;
_exchangeability(8,0) = 0.01915296;
_exchangeability(8,1) = 0.002540805;
_exchangeability(8,2) = 0.01464407;
_exchangeability(8,3) = 0.08977681;
_exchangeability(8,4) = 0.001271258;
_exchangeability(8,5) = 0.01398949;
_exchangeability(8,6) = 0.02722289;
_exchangeability(8,7) = 0.01050155;
_exchangeability(8,8) = -0.944008;
_exchangeability(8,9) = 0.007594109;
_exchangeability(8,10) = 0.03238056;
_exchangeability(8,11) = 0.1311394;
_exchangeability(8,12) = 0.01121611;
_exchangeability(8,13) = 0.1538062;
_exchangeability(8,14) = 0.3385004;
_exchangeability(8,15) = 0.02459867;
_exchangeability(8,16) = 0.05006235;
_exchangeability(8,17) = 0.006432034;
_exchangeability(8,18) = 0.004621032;
_exchangeability(8,19) = 0.004557264;
_exchangeability(9,0) = 0.01607189;
_exchangeability(9,1) = 0.008533101;
_exchangeability(9,2) = 0.003187658;
_exchangeability(9,3) = 0.005053978;
_exchangeability(9,4) = 0.1296244;
_exchangeability(9,5) = 0.003602719;
_exchangeability(9,6) = 0.02802517;
_exchangeability(9,7) = 0.1210621;
_exchangeability(9,8) = 0.007594109;
_exchangeability(9,9) = -0.8170245;
_exchangeability(9,10) = 0.1999561;
_exchangeability(9,11) = 0.007117562;
_exchangeability(9,12) = 0.0549804;
_exchangeability(9,13) = 0.03675735;
_exchangeability(9,14) = 0.01929937;
_exchangeability(9,15) = 0.03071793;
_exchangeability(9,16) = 0.01412812;
_exchangeability(9,17) = 0.09131942;
_exchangeability(9,18) = 0.02749393;
_exchangeability(9,19) = 0.01249919;
_exchangeability(10,0) = 0.02433515;
_exchangeability(10,1) = 0.02121452;
_exchangeability(10,2) = 0.009850345;
_exchangeability(10,3) = 0.009076993;
_exchangeability(10,4) = 0.02261321;
_exchangeability(10,5) = 0.006759323;
_exchangeability(10,6) = 0.01709078;
_exchangeability(10,7) = 0.2504912;
_exchangeability(10,8) = 0.03238056;
_exchangeability(10,9) = 0.1999561;
_exchangeability(10,10) = -0.9677117;
_exchangeability(10,11) = 0.01714573;
_exchangeability(10,12) = 0.008513504;
_exchangeability(10,13) = 0.02368741;
_exchangeability(10,14) = 0.02234694;
_exchangeability(10,15) = 0.01480468;
_exchangeability(10,16) = 0.1096352;
_exchangeability(10,17) = 0.1575286;
_exchangeability(10,18) = 0.01043789;
_exchangeability(10,19) = 0.009843553;
_exchangeability(11,0) = 0.02892704;
_exchangeability(11,1) = 0.01624318;
_exchangeability(11,2) = 0.2877079;
_exchangeability(11,3) = 0.02997159;
_exchangeability(11,4) = 0.003809523;
_exchangeability(11,5) = 0.04009137;
_exchangeability(11,6) = 0.208711;
_exchangeability(11,7) = 0.02545539;
_exchangeability(11,8) = 0.1311394;
_exchangeability(11,9) = 0.007117562;
_exchangeability(11,10) = 0.01714573;
_exchangeability(11,11) = -1.296296;
_exchangeability(11,12) = 0.006314764;
_exchangeability(11,13) = 0.03985916;
_exchangeability(11,14) = 0.02338641;
_exchangeability(11,15) = 0.2622233;
_exchangeability(11,16) = 0.1219005;
_exchangeability(11,17) = 0.008529576;
_exchangeability(11,18) = 0.001436069;
_exchangeability(11,19) = 0.03632648;
_exchangeability(12,0) = 0.1015928;
_exchangeability(12,1) = 0.006410622;
_exchangeability(12,2) = 0.006592646;
_exchangeability(12,3) = 0.00995367;
_exchangeability(12,4) = 0.0076979;
_exchangeability(12,5) = 0.01078768;
_exchangeability(12,6) = 0.05920342;
_exchangeability(12,7) = 0.005110747;
_exchangeability(12,8) = 0.01121611;
_exchangeability(12,9) = 0.0549804;
_exchangeability(12,10) = 0.008513504;
_exchangeability(12,11) = 0.006314764;
_exchangeability(12,12) = -0.6346565;
_exchangeability(12,13) = 0.08337112;
_exchangeability(12,14) = 0.03683434;
_exchangeability(12,15) = 0.1445611;
_exchangeability(12,16) = 0.06101795;
_exchangeability(12,17) = 0.01096809;
_exchangeability(12,18) = 0.003627241;
_exchangeability(12,19) = 0.005902399;
_exchangeability(13,0) = 0.02886265;
_exchangeability(13,1) = 0.004733532;
_exchangeability(13,2) = 0.02704403;
_exchangeability(13,3) = 0.1771863;
_exchangeability(13,4) = 0.002368373;
_exchangeability(13,5) = 0.01199112;
_exchangeability(13,6) = 0.2946834;
_exchangeability(13,7) = 0.004057802;
_exchangeability(13,8) = 0.1538062;
_exchangeability(13,9) = 0.03675735;
_exchangeability(13,10) = 0.02368741;
_exchangeability(13,11) = 0.03985916;
_exchangeability(13,12) = 0.08337112;
_exchangeability(13,13) = -1.132144;
_exchangeability(13,14) = 0.1566712;
_exchangeability(13,15) = 0.02845216;
_exchangeability(13,16) = 0.027157;
_exchangeability(13,17) = 0.009319984;
_exchangeability(13,18) = 0.008927787;
_exchangeability(13,19) = 0.01320691;
_exchangeability(14,0) = 0.02756413;
_exchangeability(14,1) = 0.05287238;
_exchangeability(14,2) = 0.008030529;
_exchangeability(14,3) = 0.01651132;
_exchangeability(14,4) = 0.003386116;
_exchangeability(14,5) = 0.07048932;
_exchangeability(14,6) = 0.1664529;
_exchangeability(14,7) = 0.01240074;
_exchangeability(14,8) = 0.3385004;
_exchangeability(14,9) = 0.01929937;
_exchangeability(14,10) = 0.02234694;
_exchangeability(14,11) = 0.02338641;
_exchangeability(14,12) = 0.03683434;
_exchangeability(14,13) = 0.1566712;
_exchangeability(14,14) = -1.126732;
_exchangeability(14,15) = 0.05192406;
_exchangeability(14,16) = 0.03371299;
_exchangeability(14,17) = 0.008916848;
_exchangeability(14,18) = 0.06521729;
_exchangeability(14,19) = 0.01221442;
_exchangeability(15,0) = 0.2015212;
_exchangeability(15,1) = 0.1117402;
_exchangeability(15,2) = 0.0305498;
_exchangeability(15,3) = 0.01619850;
_exchangeability(15,4) = 0.0489389;
_exchangeability(15,5) = 0.09717034;
_exchangeability(15,6) = 0.03854357;
_exchangeability(15,7) = 0.02100285;
_exchangeability(15,8) = 0.02459867;
_exchangeability(15,9) = 0.03071793;
_exchangeability(15,10) = 0.01480468;
_exchangeability(15,11) = 0.2622233;
_exchangeability(15,12) = 0.1445611;
_exchangeability(15,13) = 0.02845216;
_exchangeability(15,14) = 0.05192406;
_exchangeability(15,15) = -1.440527;
_exchangeability(15,16) = 0.2476906;
_exchangeability(15,17) = 0.02117979;
_exchangeability(15,18) = 0.01611959;
_exchangeability(15,19) = 0.03258933;
_exchangeability(16,0) = 0.2375769;
_exchangeability(16,1) = 0.02435734;
_exchangeability(16,2) = 0.02204179;
_exchangeability(16,3) = 0.01719052;
_exchangeability(16,4) = 0.00720129;
_exchangeability(16,5) = 0.01642728;
_exchangeability(16,6) = 0.02474782;
_exchangeability(16,7) = 0.1323986;
_exchangeability(16,8) = 0.05006235;
_exchangeability(16,9) = 0.01412812;
_exchangeability(16,10) = 0.1096352;
_exchangeability(16,11) = 0.1219005;
_exchangeability(16,12) = 0.06101795;
_exchangeability(16,13) = 0.027157;
_exchangeability(16,14) = 0.03371299;
_exchangeability(16,15) = 0.2476906;
_exchangeability(16,16) = -1.221156;
_exchangeability(16,17) = 0.0593081;
_exchangeability(16,18) = 0.004176317;
_exchangeability(16,19) = 0.01042545;
_exchangeability(17,0) = 0.1515992;
_exchangeability(17,1) = 0.03221165;
_exchangeability(17,2) = 0.01634428;
_exchangeability(17,3) = 0.02412135;
_exchangeability(17,4) = 0.03076806;
_exchangeability(17,5) = 0.02437377;
_exchangeability(17,6) = 0.006315956;
_exchangeability(17,7) = 0.4942744;
_exchangeability(17,8) = 0.006432034;
_exchangeability(17,9) = 0.09131942;
_exchangeability(17,10) = 0.1575286;
_exchangeability(17,11) = 0.008529576;
_exchangeability(17,12) = 0.01096809;
_exchangeability(17,13) = 0.009319984;
_exchangeability(17,14) = 0.008916848;
_exchangeability(17,15) = 0.02117979;
_exchangeability(17,16) = 0.0593081;
_exchangeability(17,17) = -1.174517;
_exchangeability(17,18) = 0.01242677;
_exchangeability(17,19) = 0.008578724;
_exchangeability(18,0) = 0.004371923;
_exchangeability(18,1) = 0.05724477;
_exchangeability(18,2) = 0.002979247;
_exchangeability(18,3) = 0.005929928;
_exchangeability(18,4) = 0.02788784;
_exchangeability(18,5) = 0.02821228;
_exchangeability(18,6) = 0.006645993;
_exchangeability(18,7) = 0.006973489;
_exchangeability(18,8) = 0.004621032;
_exchangeability(18,9) = 0.02749393;
_exchangeability(18,10) = 0.01043789;
_exchangeability(18,11) = 0.001436069;
_exchangeability(18,12) = 0.003627241;
_exchangeability(18,13) = 0.008927787;
_exchangeability(18,14) = 0.06521729;
_exchangeability(18,15) = 0.01611959;
_exchangeability(18,16) = 0.004176317;
_exchangeability(18,17) = 0.01242677;
_exchangeability(18,18) = -0.3335027;
_exchangeability(18,19) = 0.03877329;
_exchangeability(19,0) = 0.007231774;
_exchangeability(19,1) = 0.1096416;
_exchangeability(19,2) = 0.02353453;
_exchangeability(19,3) = 0.003289583;
_exchangeability(19,4) = 0.2843228;
_exchangeability(19,5) = 0.002721791;
_exchangeability(19,6) = 0.3032024;
_exchangeability(19,7) = 0.01573170;
_exchangeability(19,8) = 0.004557264;
_exchangeability(19,9) = 0.01249919;
_exchangeability(19,10) = 0.009843553;
_exchangeability(19,11) = 0.03632648;
_exchangeability(19,12) = 0.005902399;
_exchangeability(19,13) = 0.01320691;
_exchangeability(19,14) = 0.01221442;
_exchangeability(19,15) = 0.03258933;
_exchangeability(19,16) = 0.01042545;
_exchangeability(19,17) = 0.008578724;
_exchangeability(19,18) = 0.03877329;
_exchangeability(19,19) = -0.9345932;
