exchangeability_(10,17)=0.61963;
exchangeability_(17,10)=0.61963;
exchangeability_(6,11)=1.80718;
exchangeability_(11,6)=1.80718;
exchangeability_(4,7)=0.56926;
exchangeability_(7,4)=0.56926;
exchangeability_(17,19)=0.18951;
exchangeability_(19,17)=0.18951;
exchangeability_(9,19)=10.6491;
exchangeability_(19,9)=10.6491;
exchangeability_(5,6)=4.12859;
exchangeability_(6,5)=4.12859;
exchangeability_(1,6)=0.36397;
exchangeability_(6,1)=0.36397;
exchangeability_(0,12)=1.12404;
exchangeability_(12,0)=1.12404;
exchangeability_(1,2)=0.75188;
exchangeability_(2,1)=0.75188;
exchangeability_(11,16)=1.13686;
exchangeability_(16,11)=1.13686;
exchangeability_(1,17)=0.59361;
exchangeability_(17,1)=0.59361;
exchangeability_(8,15)=0.99001;
exchangeability_(15,8)=0.99001;
exchangeability_(13,17)=2.45712;
exchangeability_(17,13)=2.45712;
exchangeability_(10,16)=0.30294;
exchangeability_(16,10)=0.30294;
exchangeability_(13,15)=0.36182;
exchangeability_(15,13)=0.36182;
exchangeability_(9,18)=0.23252;
exchangeability_(18,9)=0.23252;
exchangeability_(2,18)=0.61202;
exchangeability_(18,2)=0.61202;
exchangeability_(7,9)=0.00871;
exchangeability_(9,7)=0.00871;
exchangeability_(3,5)=0.52339;
exchangeability_(5,3)=0.52339;
exchangeability_(3,13)=0.01742;
exchangeability_(13,3)=0.01742;
exchangeability_(0,10)=0.39534;
exchangeability_(10,0)=0.39534;
exchangeability_(9,11)=0.15907;
exchangeability_(11,9)=0.15907;
exchangeability_(8,14)=0.50885;
exchangeability_(14,8)=0.50885;
exchangeability_(2,8)=4.50924;
exchangeability_(8,2)=4.50924;
exchangeability_(4,6)=0.0035;
exchangeability_(6,4)=0.0035;
exchangeability_(8,13)=0.68214;
exchangeability_(13,8)=0.68214;
exchangeability_(5,7)=0.26796;
exchangeability_(7,5)=0.26796;
exchangeability_(1,7)=0.39019;
exchangeability_(7,1)=0.39019;
exchangeability_(4,15)=2.78448;
exchangeability_(15,4)=2.78448;
exchangeability_(1,14)=0.33253;
exchangeability_(14,1)=0.33253;
exchangeability_(1,18)=0.31444;
exchangeability_(18,1)=0.31444;
exchangeability_(11,18)=0.13193;
exchangeability_(18,11)=0.13193;
exchangeability_(0,5)=0.96989;
exchangeability_(5,0)=0.96989;
exchangeability_(2,9)=0.1915;
exchangeability_(9,2)=0.1915;
exchangeability_(7,18)=0.05468;
exchangeability_(18,7)=0.05468;
exchangeability_(7,14)=0.19696;
exchangeability_(14,7)=0.19696;
exchangeability_(3,19)=0.03797;
exchangeability_(19,3)=0.03797;
exchangeability_(5,13)=0.03586;
exchangeability_(13,5)=0.03586;
exchangeability_(15,19)=0.09837;
exchangeability_(19,15)=0.09837;
exchangeability_(11,17)=0.04991;
exchangeability_(17,11)=0.04991;
exchangeability_(7,13)=0.08959;
exchangeability_(13,7)=0.08959;
exchangeability_(0,2)=0.27682;
exchangeability_(2,0)=0.27682;
exchangeability_(9,12)=4.27361;
exchangeability_(12,9)=4.27361;
exchangeability_(3,12)=0.02555;
exchangeability_(12,3)=0.02555;
exchangeability_(8,19)=0.11901;
exchangeability_(19,8)=0.11901;
exchangeability_(0,14)=1.17765;
exchangeability_(14,0)=1.17765;
exchangeability_(5,17)=0.2362;
exchangeability_(17,5)=0.2362;
exchangeability_(4,10)=0.59401;
exchangeability_(10,4)=0.59401;
exchangeability_(10,15)=0.18229;
exchangeability_(15,10)=0.18229;
exchangeability_(14,17)=0.09513;
exchangeability_(17,14)=0.09513;
exchangeability_(16,18)=0.24584;
exchangeability_(18,16)=0.24584;
exchangeability_(1,9)=0.12699;
exchangeability_(9,1)=0.12699;
exchangeability_(4,5)=0.08481;
exchangeability_(5,4)=0.08481;
exchangeability_(9,10)=4.14507;
exchangeability_(10,9)=4.14507;
exchangeability_(11,14)=0.39032;
exchangeability_(14,11)=0.39032;
exchangeability_(8,17)=0.59705;
exchangeability_(17,8)=0.59705;
exchangeability_(0,15)=4.72718;
exchangeability_(15,0)=4.72718;
exchangeability_(2,11)=2.14508;
exchangeability_(11,2)=2.14508;
exchangeability_(10,14)=0.24906;
exchangeability_(14,10)=0.24906;
exchangeability_(13,16)=0.165;
exchangeability_(16,13)=0.165;
exchangeability_(7,19)=0.0767;
exchangeability_(19,7)=0.0767;
exchangeability_(3,16)=0.42586;
exchangeability_(16,3)=0.42586;
exchangeability_(7,12)=0.13954;
exchangeability_(12,7)=0.13954;
exchangeability_(15,16)=6.47228;
exchangeability_(16,15)=6.47228;
exchangeability_(14,15)=1.33813;
exchangeability_(15,14)=1.33813;
exchangeability_(3,11)=0.28296;
exchangeability_(11,3)=0.28296;
exchangeability_(6,7)=0.34885;
exchangeability_(7,6)=0.34885;
exchangeability_(8,16)=0.58426;
exchangeability_(16,8)=0.58426;
exchangeability_(0,1)=0.42509;
exchangeability_(1,0)=0.42509;
exchangeability_(5,9)=0.07285;
exchangeability_(9,5)=0.07285;
exchangeability_(12,18)=0.48131;
exchangeability_(18,12)=0.48131;
exchangeability_(6,16)=0.60454;
exchangeability_(16,6)=0.60454;
exchangeability_(1,11)=6.32607;
exchangeability_(11,1)=6.32607;
exchangeability_(2,14)=0.16179;
exchangeability_(14,2)=0.16179;
exchangeability_(0,4)=2.48908;
exchangeability_(4,0)=2.48908;
exchangeability_(1,16)=0.57899;
exchangeability_(16,1)=0.57899;
exchangeability_(6,13)=0.01881;
exchangeability_(13,6)=0.01881;
exchangeability_(18,19)=0.24931;
exchangeability_(19,18)=0.24931;
exchangeability_(5,8)=4.8135;
exchangeability_(8,5)=4.8135;
exchangeability_(16,19)=2.18816;
exchangeability_(19,16)=2.18816;
exchangeability_(7,16)=0.12984;
exchangeability_(16,7)=0.12984;
exchangeability_(8,11)=0.69726;
exchangeability_(11,8)=0.69726;
exchangeability_(3,17)=0.02989;
exchangeability_(17,3)=0.02989;
exchangeability_(6,17)=0.07785;
exchangeability_(17,6)=0.07785;
exchangeability_(2,3)=5.07615;
exchangeability_(3,2)=5.07615;
exchangeability_(3,9)=0.01069;
exchangeability_(9,3)=0.01069;
exchangeability_(0,16)=2.1395;
exchangeability_(16,0)=2.1395;
exchangeability_(5,11)=3.23429;
exchangeability_(11,5)=3.23429;
exchangeability_(4,8)=0.64054;
exchangeability_(8,4)=0.64054;
exchangeability_(16,17)=0.14082;
exchangeability_(17,16)=0.14082;
exchangeability_(5,19)=0.21033;
exchangeability_(19,5)=0.21033;
exchangeability_(1,3)=0.12395;
exchangeability_(3,1)=0.12395;
exchangeability_(4,19)=1.95929;
exchangeability_(19,4)=1.95929;
exchangeability_(6,19)=0.24503;
exchangeability_(19,6)=0.24503;
exchangeability_(1,12)=0.48413;
exchangeability_(12,1)=0.48413;
exchangeability_(0,6)=1.03854;
exchangeability_(6,0)=1.03854;
exchangeability_(2,6)=0.54171;
exchangeability_(6,2)=0.54171;
exchangeability_(1,19)=0.17089;
exchangeability_(19,1)=0.17089;
exchangeability_(0,17)=0.18072;
exchangeability_(17,0)=0.18072;
exchangeability_(2,17)=0.04538;
exchangeability_(17,2)=0.04538;
exchangeability_(7,15)=1.73999;
exchangeability_(15,7)=1.73999;
exchangeability_(3,14)=0.39446;
exchangeability_(14,3)=0.39446;
exchangeability_(8,9)=0.10888;
exchangeability_(9,8)=0.10888;
exchangeability_(3,18)=0.13511;
exchangeability_(18,3)=0.13511;
exchangeability_(0,3)=0.39514;
exchangeability_(3,0)=0.39514;
exchangeability_(2,13)=0.08953;
exchangeability_(13,2)=0.08953;
exchangeability_(0,19)=2.54787;
exchangeability_(19,0)=2.54787;
exchangeability_(5,12)=1.67257;
exchangeability_(12,5)=1.67257;
exchangeability_(4,13)=1.10525;
exchangeability_(13,4)=1.10525;
exchangeability_(10,12)=6.31236;
exchangeability_(12,10)=6.31236;
exchangeability_(5,18)=0.25734;
exchangeability_(18,5)=0.25734;
exchangeability_(14,16)=0.57147;
exchangeability_(16,14)=0.57147;
exchangeability_(1,13)=0.05272;
exchangeability_(13,1)=0.05272;
exchangeability_(4,16)=1.14348;
exchangeability_(16,4)=1.14348;
exchangeability_(6,14)=0.41941;
exchangeability_(14,6)=0.41941;
exchangeability_(11,15)=0.74868;
exchangeability_(15,11)=0.74868;
exchangeability_(0,7)=2.06604;
exchangeability_(7,0)=2.06604;
exchangeability_(2,7)=1.43765;
exchangeability_(7,2)=1.43765;
exchangeability_(8,18)=5.30683;
exchangeability_(18,8)=5.30683;
exchangeability_(5,10)=0.58246;
exchangeability_(10,5)=0.58246;
exchangeability_(15,18)=0.40055;
exchangeability_(18,15)=0.40055;
exchangeability_(12,16)=2.02037;
exchangeability_(16,12)=2.02037;
exchangeability_(5,14)=0.62429;
exchangeability_(14,5)=0.62429;
exchangeability_(7,8)=0.31148;
exchangeability_(8,7)=0.31148;
exchangeability_(15,17)=0.24886;
exchangeability_(17,15)=0.24886;
exchangeability_(3,7)=0.84493;
exchangeability_(7,3)=0.84493;
exchangeability_(6,15)=0.61197;
exchangeability_(15,6)=0.61197;
exchangeability_(12,13)=1.79885;
exchangeability_(13,12)=1.79885;
exchangeability_(13,14)=0.09446;
exchangeability_(14,13)=0.09446;
exchangeability_(3,10)=0.01508;
exchangeability_(10,3)=0.01508;
exchangeability_(0,13)=0.2537;
exchangeability_(13,0)=0.2537;
exchangeability_(6,12)=0.17374;
exchangeability_(12,6)=0.17374;
exchangeability_(4,12)=0.89368;
exchangeability_(12,4)=0.89368;
exchangeability_(9,14)=0.07828;
exchangeability_(14,9)=0.07828;
exchangeability_(10,11)=0.1375;
exchangeability_(11,10)=0.1375;
exchangeability_(12,17)=0.69618;
exchangeability_(17,12)=0.69618;
exchangeability_(2,19)=0.08369;
exchangeability_(19,2)=0.08369;
exchangeability_(8,10)=0.36632;
exchangeability_(10,8)=0.36632;
exchangeability_(1,8)=2.4266;
exchangeability_(8,1)=2.4266;
exchangeability_(1,5)=2.80791;
exchangeability_(5,1)=2.80791;
exchangeability_(2,5)=1.69575;
exchangeability_(5,2)=1.69575;
exchangeability_(0,18)=0.21896;
exchangeability_(18,0)=0.21896;
exchangeability_(13,18)=7.8039;
exchangeability_(18,13)=7.8039;
exchangeability_(6,10)=0.06967;
exchangeability_(10,6)=0.06967;
exchangeability_(9,15)=0.06411;
exchangeability_(15,9)=0.06411;
exchangeability_(2,15)=4.00836;
exchangeability_(15,2)=4.00836;
exchangeability_(7,17)=0.26849;
exchangeability_(17,7)=0.26849;
exchangeability_(2,16)=2.00068;
exchangeability_(16,2)=2.00068;
exchangeability_(12,19)=1.89872;
exchangeability_(19,12)=1.89872;
exchangeability_(8,12)=0.44247;
exchangeability_(12,8)=0.44247;
exchangeability_(3,6)=5.24387;
exchangeability_(6,3)=5.24387;
exchangeability_(4,11)=0.01327;
exchangeability_(11,4)=0.01327;
exchangeability_(4,18)=1.16553;
exchangeability_(18,4)=1.16553;
exchangeability_(0,9)=0.14983;
exchangeability_(9,0)=0.14983;
exchangeability_(4,14)=0.07538;
exchangeability_(14,4)=0.07538;
exchangeability_(1,15)=0.85815;
exchangeability_(15,1)=0.85815;
exchangeability_(2,4)=0.52877;
exchangeability_(4,2)=0.52877;
exchangeability_(11,13)=0.02392;
exchangeability_(13,11)=0.02392;
exchangeability_(11,12)=0.6566;
exchangeability_(12,11)=0.6566;
exchangeability_(10,13)=2.59269;
exchangeability_(13,10)=2.59269;
exchangeability_(12,14)=0.09985;
exchangeability_(14,12)=0.09985;
exchangeability_(7,10)=0.04426;
exchangeability_(10,7)=0.04426;
exchangeability_(0,8)=0.35886;
exchangeability_(8,0)=0.35886;
exchangeability_(3,4)=0.06256;
exchangeability_(4,3)=0.06256;
exchangeability_(3,8)=0.92711;
exchangeability_(8,3)=0.92711;
exchangeability_(2,10)=0.06843;
exchangeability_(10,2)=0.06843;
exchangeability_(17,18)=3.15181;
exchangeability_(18,17)=3.15181;
exchangeability_(10,18)=0.29965;
exchangeability_(18,10)=0.29965;
exchangeability_(6,9)=0.04427;
exchangeability_(9,6)=0.04427;
exchangeability_(4,9)=0.32063;
exchangeability_(9,4)=0.32063;
exchangeability_(14,19)=0.2965;
exchangeability_(19,14)=0.2965;
exchangeability_(9,16)=1.03374;
exchangeability_(16,9)=1.03374;
exchangeability_(12,15)=0.34696;
exchangeability_(15,12)=0.34696;
exchangeability_(1,4)=0.53455;
exchangeability_(4,1)=0.53455;
exchangeability_(4,17)=0.67013;
exchangeability_(17,4)=0.67013;
exchangeability_(0,11)=0.53652;
exchangeability_(11,0)=0.53652;
exchangeability_(9,13)=1.11273;
exchangeability_(13,9)=1.11273;
exchangeability_(1,10)=0.30185;
exchangeability_(10,1)=0.30185;
exchangeability_(11,19)=0.1852;
exchangeability_(19,11)=0.1852;
exchangeability_(2,12)=0.371;
exchangeability_(12,2)=0.371;
exchangeability_(10,19)=1.70275;
exchangeability_(19,10)=1.70275;
exchangeability_(6,8)=0.42388;
exchangeability_(8,6)=0.42388;
exchangeability_(9,17)=0.11166;
exchangeability_(17,9)=0.11166;
exchangeability_(7,11)=0.29664;
exchangeability_(11,7)=0.29664;
exchangeability_(3,15)=1.24027;
exchangeability_(15,3)=1.24027;
exchangeability_(13,19)=0.65468;
exchangeability_(19,13)=0.65468;
exchangeability_(14,18)=0.08961;
exchangeability_(18,14)=0.08961;
exchangeability_(6,18)=0.12004;
exchangeability_(18,6)=0.12004;
exchangeability_(5,16)=1.08014;
exchangeability_(16,5)=1.08014;
exchangeability_(5,15)=1.22383;
exchangeability_(15,5)=1.22383;
exchangeability_(0,0)=-21.4708;
exchangeability_(4,4)=-15.6382;
exchangeability_(6,6)=-16.2854;
exchangeability_(3,3)=-15.8124;
exchangeability_(7,7)=-9.28176;
exchangeability_(13,13)=-19.4102;
exchangeability_(9,9)=-22.8942;
exchangeability_(8,8)=-24.8143;
exchangeability_(11,11)=-18.9593;
exchangeability_(12,12)=-23.9115;
exchangeability_(10,10)=-18.9814;
exchangeability_(2,2)=-24.5954;
exchangeability_(5,5)=-24.522;
exchangeability_(14,14)=-7.19413;
exchangeability_(15,15)=-28.4463;
exchangeability_(1,1)=-17.9645;
exchangeability_(16,16)=-22.9648;
exchangeability_(17,17)=-10.4599;
exchangeability_(19,19)=-23.5631;
exchangeability_(18,18)=-21.2714;
