freq_[0] = 0.087127;
freq_[1] = 0.040904;
freq_[2] = 0.040432;
freq_[3] = 0.046872;
freq_[4] = 0.033474;
freq_[5] = 0.038255;
freq_[6] = 0.04953;
freq_[7] = 0.088612;
freq_[8] = 0.033619;
freq_[9] = 0.036886;
freq_[10] = 0.085357;
freq_[11] = 0.080481;
freq_[12] = 0.014753;
freq_[13] = 0.039772;
freq_[14] = 0.050679;
freq_[15] = 0.069577;
freq_[16] = 0.058542;
freq_[17] = 0.010494;
freq_[18] = 0.029916;
freq_[19] = 0.064718;
