exchangeability_(0,0) = -23.01709;
exchangeability_(0,1) = 0.267828;
exchangeability_(0,2) = 0.984474;
exchangeability_(0,3) = 1.199805;
exchangeability_(0,4) = 0.360016;
exchangeability_(0,5) = 0.887753;
exchangeability_(0,6) = 1.961167;
exchangeability_(0,7) = 2.386111;
exchangeability_(0,8) = 0.228116;
exchangeability_(0,9) = 0.653416;
exchangeability_(0,10) = 0.406431;
exchangeability_(0,11) = 0.258635;
exchangeability_(0,12) = 0.71784;
exchangeability_(0,13) = 0.183641;
exchangeability_(0,14) = 2.48592;
exchangeability_(0,15) = 4.05187;
exchangeability_(0,16) = 3.680365;
exchangeability_(0,17) = 0;
exchangeability_(0,18) = 0.244139;
exchangeability_(0,19) = 2.059564;
exchangeability_(1,0) = 0.267828;
exchangeability_(1,1) = -17.31445;
exchangeability_(1,2) = 0.327059;
exchangeability_(1,3) = 0;
exchangeability_(1,4) = 0.232374;
exchangeability_(1,5) = 2.439939;
exchangeability_(1,6) = 0;
exchangeability_(1,7) = 0.087791;
exchangeability_(1,8) = 2.383148;
exchangeability_(1,9) = 0.632629;
exchangeability_(1,10) = 0.154924;
exchangeability_(1,11) = 4.610124;
exchangeability_(1,12) = 0.896321;
exchangeability_(1,13) = 0.136906;
exchangeability_(1,14) = 1.028313;
exchangeability_(1,15) = 1.53159;
exchangeability_(1,16) = 0.265745;
exchangeability_(1,17) = 2.001375;
exchangeability_(1,18) = 0.078012;
exchangeability_(1,19) = 0.240368;
exchangeability_(2,0) = 0.984474;
exchangeability_(2,1) = 0.327059;
exchangeability_(2,2) = -32.74316;
exchangeability_(2,3) = 8.931515;
exchangeability_(2,4) = 0;
exchangeability_(2,5) = 1.028509;
exchangeability_(2,6) = 1.493409;
exchangeability_(2,7) = 1.385352;
exchangeability_(2,8) = 5.290024;
exchangeability_(2,9) = 0.768024;
exchangeability_(2,10) = 0.341113;
exchangeability_(2,11) = 3.148371;
exchangeability_(2,12) = 0;
exchangeability_(2,13) = 0.138503;
exchangeability_(2,14) = 0.419244;
exchangeability_(2,15) = 4.885892;
exchangeability_(2,16) = 2.271697;
exchangeability_(2,17) = 0.224968;
exchangeability_(2,18) = 0.94694;
exchangeability_(2,19) = 0.158067;
exchangeability_(3,0) = 1.199805;
exchangeability_(3,1) = 0;
exchangeability_(3,2) = 8.931515;
exchangeability_(3,3) = -27.86320;
exchangeability_(3,4) = 0;
exchangeability_(3,5) = 1.348551;
exchangeability_(3,6) = 11.38866;
exchangeability_(3,7) = 1.240981;
exchangeability_(3,8) = 0.868241;
exchangeability_(3,9) = 0.239248;
exchangeability_(3,10) = 0;
exchangeability_(3,11) = 0.716913;
exchangeability_(3,12) = 0;
exchangeability_(3,13) = 0;
exchangeability_(3,14) = 0.13394;
exchangeability_(3,15) = 0.956097;
exchangeability_(3,16) = 0.66093;
exchangeability_(3,17) = 0;
exchangeability_(3,18) = 0;
exchangeability_(3,19) = 0.178316;
exchangeability_(4,0) = 0.360016;
exchangeability_(4,1) = 0.232374;
exchangeability_(4,2) = 0;
exchangeability_(4,3) = 0;
exchangeability_(4,4) = -4.806585;
exchangeability_(4,5) = 0;
exchangeability_(4,6) = 0;
exchangeability_(4,7) = 0.107278;
exchangeability_(4,8) = 0.282729;
exchangeability_(4,9) = 0.438074;
exchangeability_(4,10) = 0;
exchangeability_(4,11) = 0;
exchangeability_(4,12) = 0;
exchangeability_(4,13) = 0;
exchangeability_(4,14) = 0.18755;
exchangeability_(4,15) = 1.598356;
exchangeability_(4,16) = 0.162366;
exchangeability_(4,17) = 0;
exchangeability_(4,18) = 0.953164;
exchangeability_(4,19) = 0.484678;
exchangeability_(5,0) = 0.887753;
exchangeability_(5,1) = 2.439939;
exchangeability_(5,2) = 1.028509;
exchangeability_(5,3) = 1.348551;
exchangeability_(5,4) = 0;
exchangeability_(5,5) = -25.60236;
exchangeability_(5,6) = 7.086022;
exchangeability_(5,7) = 0.281581;
exchangeability_(5,8) = 6.011613;
exchangeability_(5,9) = 0.180393;
exchangeability_(5,10) = 0.730772;
exchangeability_(5,11) = 1.519078;
exchangeability_(5,12) = 1.127499;
exchangeability_(5,13) = 0;
exchangeability_(5,14) = 1.526188;
exchangeability_(5,15) = 0.561828;
exchangeability_(5,16) = 0.525651;
exchangeability_(5,17) = 0;
exchangeability_(5,18) = 0;
exchangeability_(5,19) = 0.346983;
exchangeability_(6,0) = 1.961167;
exchangeability_(6,1) = 0;
exchangeability_(6,2) = 1.493409;
exchangeability_(6,3) = 11.38866;
exchangeability_(6,4) = 0;
exchangeability_(6,5) = 7.086022;
exchangeability_(6,6) = -27.26104;
exchangeability_(6,7) = 0.811907;
exchangeability_(6,8) = 0.439469;
exchangeability_(6,9) = 0.609526;
exchangeability_(6,10) = 0.11288;
exchangeability_(6,11) = 0.830078;
exchangeability_(6,12) = 0.304803;
exchangeability_(6,13) = 0;
exchangeability_(6,14) = 0.507003;
exchangeability_(6,15) = 0.793999;
exchangeability_(6,16) = 0.340156;
exchangeability_(6,17) = 0;
exchangeability_(6,18) = 0.214717;
exchangeability_(6,19) = 0.36725;
exchangeability_(7,0) = 2.386111;
exchangeability_(7,1) = 0.087791;
exchangeability_(7,2) = 1.385352;
exchangeability_(7,3) = 1.240981;
exchangeability_(7,4) = 0.107278;
exchangeability_(7,5) = 0.281581;
exchangeability_(7,6) = 0.811907;
exchangeability_(7,7) = -10.58507;
exchangeability_(7,8) = 0.106802;
exchangeability_(7,9) = 0;
exchangeability_(7,10) = 0.071514;
exchangeability_(7,11) = 0.267683;
exchangeability_(7,12) = 0.170372;
exchangeability_(7,13) = 0.153478;
exchangeability_(7,14) = 0.347153;
exchangeability_(7,15) = 2.322243;
exchangeability_(7,16) = 0.306662;
exchangeability_(7,17) = 0;
exchangeability_(7,18) = 0;
exchangeability_(7,19) = 0.538165;
exchangeability_(8,0) = 0.228116;
exchangeability_(8,1) = 2.383148;
exchangeability_(8,2) = 5.290024;
exchangeability_(8,3) = 0.868241;
exchangeability_(8,4) = 0.282729;
exchangeability_(8,5) = 6.011613;
exchangeability_(8,6) = 0.439469;
exchangeability_(8,7) = 0.106802;
exchangeability_(8,8) = -20.36539;
exchangeability_(8,9) = 0.076981;
exchangeability_(8,10) = 0.443504;
exchangeability_(8,11) = 0.270475;
exchangeability_(8,12) = 0;
exchangeability_(8,13) = 0.475927;
exchangeability_(8,14) = 0.933709;
exchangeability_(8,15) = 0.353643;
exchangeability_(8,16) = 0.226333;
exchangeability_(8,17) = 0.270564;
exchangeability_(8,18) = 1.2654;
exchangeability_(8,19) = 0.438715;
exchangeability_(9,0) = 0.653416;
exchangeability_(9,1) = 0.632629;
exchangeability_(9,2) = 0.768024;
exchangeability_(9,3) = 0.239248;
exchangeability_(9,4) = 0.438074;
exchangeability_(9,5) = 0.180393;
exchangeability_(9,6) = 0.609526;
exchangeability_(9,7) = 0;
exchangeability_(9,8) = 0.076981;
exchangeability_(9,9) = -23.35323;
exchangeability_(9,10) = 2.556685;
exchangeability_(9,11) = 0.460857;
exchangeability_(9,12) = 3.332732;
exchangeability_(9,13) = 1.951951;
exchangeability_(9,14) = 0.119152;
exchangeability_(9,15) = 0.247955;
exchangeability_(9,16) = 1.900739;
exchangeability_(9,17) = 0;
exchangeability_(9,18) = 0.374834;
exchangeability_(9,19) = 8.810038;
exchangeability_(10,0) = 0.406431;
exchangeability_(10,1) = 0.154924;
exchangeability_(10,2) = 0.341113;
exchangeability_(10,3) = 0;
exchangeability_(10,4) = 0;
exchangeability_(10,5) = 0.730772;
exchangeability_(10,6) = 0.11288;
exchangeability_(10,7) = 0.071514;
exchangeability_(10,8) = 0.443504;
exchangeability_(10,9) = 2.556685;
exchangeability_(10,10) = -15.10601;
exchangeability_(10,11) = 0.180629;
exchangeability_(10,12) = 5.230115;
exchangeability_(10,13) = 1.56516;
exchangeability_(10,14) = 0.316258;
exchangeability_(10,15) = 0.171432;
exchangeability_(10,16) = 0.33109;
exchangeability_(10,17) = 0.461776;
exchangeability_(10,18) = 0.286572;
exchangeability_(10,19) = 1.745156;
exchangeability_(11,0) = 0.258635;
exchangeability_(11,1) = 4.610124;
exchangeability_(11,2) = 3.148371;
exchangeability_(11,3) = 0.716913;
exchangeability_(11,4) = 0;
exchangeability_(11,5) = 1.519078;
exchangeability_(11,6) = 0.830078;
exchangeability_(11,7) = 0.267683;
exchangeability_(11,8) = 0.270475;
exchangeability_(11,9) = 0.460857;
exchangeability_(11,10) = 0.180629;
exchangeability_(11,11) = -17.55115;
exchangeability_(11,12) = 2.411739;
exchangeability_(11,13) = 0;
exchangeability_(11,14) = 0.335419;
exchangeability_(11,15) = 0.954557;
exchangeability_(11,16) = 1.350599;
exchangeability_(11,17) = 0;
exchangeability_(11,18) = 0.132142;
exchangeability_(11,19) = 0.10385;
exchangeability_(12,0) = 0.71784;
exchangeability_(12,1) = 0.896321;
exchangeability_(12,2) = 0;
exchangeability_(12,3) = 0;
exchangeability_(12,4) = 0;
exchangeability_(12,5) = 1.127499;
exchangeability_(12,6) = 0.304803;
exchangeability_(12,7) = 0.170372;
exchangeability_(12,8) = 0;
exchangeability_(12,9) = 3.332732;
exchangeability_(12,10) = 5.230115;
exchangeability_(12,11) = 2.411739;
exchangeability_(12,12) = -19.50093;
exchangeability_(12,13) = 0.92186;
exchangeability_(12,14) = 0.170205;
exchangeability_(12,15) = 0.619951;
exchangeability_(12,16) = 1.031534;
exchangeability_(12,17) = 0;
exchangeability_(12,18) = 0;
exchangeability_(12,19) = 2.565955;
exchangeability_(13,0) = 0.183641;
exchangeability_(13,1) = 0.136906;
exchangeability_(13,2) = 0.138503;
exchangeability_(13,3) = 0;
exchangeability_(13,4) = 0;
exchangeability_(13,5) = 0;
exchangeability_(13,6) = 0;
exchangeability_(13,7) = 0.153478;
exchangeability_(13,8) = 0.475927;
exchangeability_(13,9) = 1.951951;
exchangeability_(13,10) = 1.56516;
exchangeability_(13,11) = 0;
exchangeability_(13,12) = 0.92186;
exchangeability_(13,13) = -14.07308;
exchangeability_(13,14) = 0.110506;
exchangeability_(13,15) = 0.459901;
exchangeability_(13,16) = 0.136655;
exchangeability_(13,17) = 0.762354;
exchangeability_(13,18) = 6.952629;
exchangeability_(13,19) = 0.123606;
exchangeability_(14,0) = 2.48592;
exchangeability_(14,1) = 1.028313;
exchangeability_(14,2) = 0.419244;
exchangeability_(14,3) = 0.13394;
exchangeability_(14,4) = 0.18755;
exchangeability_(14,5) = 1.526188;
exchangeability_(14,6) = 0.507003;
exchangeability_(14,7) = 0.347153;
exchangeability_(14,8) = 0.933709;
exchangeability_(14,9) = 0.119152;
exchangeability_(14,10) = 0.316258;
exchangeability_(14,11) = 0.335419;
exchangeability_(14,12) = 0.170205;
exchangeability_(14,13) = 0.110506;
exchangeability_(14,14) = -12.31564;
exchangeability_(14,15) = 2.427202;
exchangeability_(14,16) = 0.782857;
exchangeability_(14,17) = 0;
exchangeability_(14,18) = 0;
exchangeability_(14,19) = 0.485026;
exchangeability_(15,0) = 4.05187;
exchangeability_(15,1) = 1.53159;
exchangeability_(15,2) = 4.885892;
exchangeability_(15,3) = 0.956097;
exchangeability_(15,4) = 1.598356;
exchangeability_(15,5) = 0.561828;
exchangeability_(15,6) = 0.793999;
exchangeability_(15,7) = 2.322243;
exchangeability_(15,8) = 0.353643;
exchangeability_(15,9) = 0.247955;
exchangeability_(15,10) = 0.171432;
exchangeability_(15,11) = 0.954557;
exchangeability_(15,12) = 0.619951;
exchangeability_(15,13) = 0.459901;
exchangeability_(15,14) = 2.427202;
exchangeability_(15,15) = -28.75413;
exchangeability_(15,16) = 5.436674;
exchangeability_(15,17) = 0.740819;
exchangeability_(15,18) = 0.336289;
exchangeability_(15,19) = 0.303836;
exchangeability_(16,0) = 3.680365;
exchangeability_(16,1) = 0.265745;
exchangeability_(16,2) = 2.271697;
exchangeability_(16,3) = 0.66093;
exchangeability_(16,4) = 0.162366;
exchangeability_(16,5) = 0.525651;
exchangeability_(16,6) = 0.340156;
exchangeability_(16,7) = 0.306662;
exchangeability_(16,8) = 0.226333;
exchangeability_(16,9) = 1.900739;
exchangeability_(16,10) = 0.33109;
exchangeability_(16,11) = 1.350599;
exchangeability_(16,12) = 1.031534;
exchangeability_(16,13) = 0.136655;
exchangeability_(16,14) = 0.782857;
exchangeability_(16,15) = 5.436674;
exchangeability_(16,16) = -21.38989;
exchangeability_(16,17) = 0;
exchangeability_(16,18) = 0.417839;
exchangeability_(16,19) = 1.561997;
exchangeability_(17,0) = 0;
exchangeability_(17,1) = 2.001375;
exchangeability_(17,2) = 0.224968;
exchangeability_(17,3) = 0;
exchangeability_(17,4) = 0;
exchangeability_(17,5) = 0;
exchangeability_(17,6) = 0;
exchangeability_(17,7) = 0;
exchangeability_(17,8) = 0.270564;
exchangeability_(17,9) = 0;
exchangeability_(17,10) = 0.461776;
exchangeability_(17,11) = 0;
exchangeability_(17,12) = 0;
exchangeability_(17,13) = 0.762354;
exchangeability_(17,14) = 0;
exchangeability_(17,15) = 0.740819;
exchangeability_(17,16) = 0;
exchangeability_(17,17) = -5.069926;
exchangeability_(17,18) = 0.60807;
exchangeability_(17,19) = 0;
exchangeability_(18,0) = 0.244139;
exchangeability_(18,1) = 0.078012;
exchangeability_(18,2) = 0.94694;
exchangeability_(18,3) = 0;
exchangeability_(18,4) = 0.953164;
exchangeability_(18,5) = 0;
exchangeability_(18,6) = 0.214717;
exchangeability_(18,7) = 0;
exchangeability_(18,8) = 1.2654;
exchangeability_(18,9) = 0.374834;
exchangeability_(18,10) = 0.286572;
exchangeability_(18,11) = 0.132142;
exchangeability_(18,12) = 0;
exchangeability_(18,13) = 6.952629;
exchangeability_(18,14) = 0;
exchangeability_(18,15) = 0.336289;
exchangeability_(18,16) = 0.417839;
exchangeability_(18,17) = 0.60807;
exchangeability_(18,18) = -13.09013;
exchangeability_(18,19) = 0.279379;
exchangeability_(19,0) = 2.059564;
exchangeability_(19,1) = 0.240368;
exchangeability_(19,2) = 0.158067;
exchangeability_(19,3) = 0.178316;
exchangeability_(19,4) = 0.484678;
exchangeability_(19,5) = 0.346983;
exchangeability_(19,6) = 0.36725;
exchangeability_(19,7) = 0.538165;
exchangeability_(19,8) = 0.438715;
exchangeability_(19,9) = 8.810038;
exchangeability_(19,10) = 1.745156;
exchangeability_(19,11) = 0.10385;
exchangeability_(19,12) = 2.565955;
exchangeability_(19,13) = 0.123606;
exchangeability_(19,14) = 0.485026;
exchangeability_(19,15) = 0.303836;
exchangeability_(19,16) = 1.561997;
exchangeability_(19,17) = 0;
exchangeability_(19,18) = 0.279379;
exchangeability_(19,19) = -20.79095;
