freq_[0] = 0.076862;
freq_[1] = 0.051057;
freq_[2] = 0.042546;
freq_[3] = 0.051268;
freq_[4] = 0.020279;
freq_[5] = 0.041061;
freq_[6] = 0.06182;
freq_[7] = 0.074714;
freq_[8] = 0.022983;
freq_[9] = 0.052569;
freq_[10] = 0.091111;
freq_[11] = 0.059498;
freq_[12] = 0.023414;
freq_[13] = 0.04053;
freq_[14] = 0.050532;
freq_[15] = 0.068225;
freq_[16] = 0.058518;
freq_[17] = 0.014336;
freq_[18] = 0.032303;
freq_[19] = 0.066374;
