freq_[0] = 0.079066;
freq_[4] = 0.012937;
freq_[6] = 0.071586;
freq_[3] = 0.053052;
freq_[7] = 0.057337;
freq_[13] = 0.042302;
freq_[9] = 0.062157;
freq_[8] = 0.022355;
freq_[11] = 0.0646;
freq_[12] = 0.022951;
freq_[10] = 0.099081;
freq_[2] = 0.041977;
freq_[5] = 0.040767;
freq_[14] = 0.04404;
freq_[15] = 0.061197;
freq_[1] = 0.055941;
freq_[16] = 0.053286;
freq_[17] = 0.012066;
freq_[19] = 0.069147;
freq_[18] = 0.034155;

