if (getName()=="Q2"){
	freq_[0] = 0.044015;
	freq_[4] = 0.00326;
	freq_[6] = 0.041364;
	freq_[3] = 0.102405;
	freq_[7] = 0.168549;
	freq_[13] = 0.036695;
	freq_[9] = 0.064277;
	freq_[8] = 0.015843;
	freq_[11] = 0.036061;
	freq_[12] = 0.027358;
	freq_[10] = 0.118096;
	freq_[2] = 0.056258;
	freq_[5] = 0.018409;
	freq_[14] = 0.124914;
	freq_[15] = 0.047807;
	freq_[1] = 0.021591;
	freq_[16] = 0.022696;
	freq_[17] = 0.005866;
	freq_[19] = 0.025892;
	freq_[18] = 0.018644;
}


if (getName()=="Q3"){
	freq_[0] = 0.134055;
	freq_[4] = 0.021008;
	freq_[6] = 0.028587;
	freq_[3] = 0.020801;
	freq_[7] = 0.029069;
	freq_[13] = 0.038985;
	freq_[9] = 0.105826;
	freq_[8] = 0.028138;
	freq_[11] = 0.049733;
	freq_[12] = 0.02612;
	freq_[10] = 0.117458;
	freq_[2] = 0.02073;
	freq_[5] = 0.024509;
	freq_[14] = 0.016306;
	freq_[15] = 0.038369;
	freq_[1] = 0.044393;
	freq_[16] = 0.055334;
	freq_[17] = 0.017276;
	freq_[19] = 0.143398;
	freq_[18] = 0.039905;
}


if (getName()=="Q1"){
	freq_[0] = 0.104307;
	freq_[4] = 0.003217;
	freq_[6] = 0.163928;
	freq_[3] = 0.085643;
	freq_[7] = 0.024243;
	freq_[13] = 0.016126;
	freq_[9] = 0.016012;
	freq_[8] = 0.022216;
	freq_[11] = 0.105577;
	freq_[12] = 0.011434;
	freq_[10] = 0.038591;
	freq_[2] = 0.043722;
	freq_[5] = 0.074342;
	freq_[14] = 0.018057;
	freq_[15] = 0.061232;
	freq_[1] = 0.092553;
	freq_[16] = 0.061373;
	freq_[17] = 0.004086;
	freq_[19] = 0.032465;
	freq_[18] = 0.020876;
}


