if (getName()=="Exposed"){
	freq_[0] = 0.088367;
	freq_[4] = 0.004517;
	freq_[6] = 0.128039;
	freq_[3] = 0.087976;
	freq_[7] = 0.056993;
	freq_[13] = 0.016158;
	freq_[9] = 0.025277;
	freq_[8] = 0.024856;
	freq_[11] = 0.094638;
	freq_[12] = 0.012338;
	freq_[10] = 0.045202;
	freq_[2] = 0.047163;
	freq_[5] = 0.058526;
	freq_[14] = 0.060124;
	freq_[15] = 0.055346;
	freq_[1] = 0.078147;
	freq_[16] = 0.05129;
	freq_[17] = 0.006771;
	freq_[19] = 0.036718;
	freq_[18] = 0.021554;
}


if (getName()=="Buried"){
	freq_[0] = 0.123119;
	freq_[4] = 0.018712;
	freq_[6] = 0.018723;
	freq_[3] = 0.018583;
	freq_[7] = 0.050388;
	freq_[13] = 0.057019;
	freq_[9] = 0.119697;
	freq_[8] = 0.016402;
	freq_[11] = 0.012776;
	freq_[12] = 0.035838;
	freq_[10] = 0.161398;
	freq_[2] = 0.019852;
	freq_[5] = 0.017275;
	freq_[14] = 0.030913;
	freq_[15] = 0.043472;
	freq_[1] = 0.019475;
	freq_[16] = 0.049935;
	freq_[17] = 0.0126;
	freq_[19] = 0.133894;
	freq_[18] = 0.039929;
}


