if (getName()=="Buried"){
	freq_[0] = 0.123992;
	freq_[4] = 0.019325;
	freq_[6] = 0.01594;
	freq_[3] = 0.015785;
	freq_[7] = 0.049573;
	freq_[13] = 0.058363;
	freq_[9] = 0.126555;
	freq_[8] = 0.01454;
	freq_[11] = 0.011084;
	freq_[12] = 0.037436;
	freq_[10] = 0.167605;
	freq_[2] = 0.017595;
	freq_[5] = 0.015552;
	freq_[14] = 0.028848;
	freq_[15] = 0.042324;
	freq_[1] = 0.016529;
	freq_[16] = 0.049206;
	freq_[17] = 0.011962;
	freq_[19] = 0.139953;
	freq_[18] = 0.037833;
}


if (getName()=="Intermediate"){
	freq_[0] = 0.086346;
	freq_[4] = 0.006655;
	freq_[6] = 0.09211;
	freq_[3] = 0.064441;
	freq_[7] = 0.048527;
	freq_[13] = 0.025901;
	freq_[9] = 0.040497;
	freq_[8] = 0.028831;
	freq_[11] = 0.079687;
	freq_[12] = 0.018007;
	freq_[10] = 0.071679;
	freq_[2] = 0.041727;
	freq_[5] = 0.052795;
	freq_[14] = 0.052632;
	freq_[15] = 0.052778;
	freq_[1] = 0.080808;
	freq_[16] = 0.056138;
	freq_[17] = 0.010733;
	freq_[19] = 0.054964;
	freq_[18] = 0.034744;
}


if (getName()=="HExposed"){
	freq_[0] = 0.094155;
	freq_[4] = 0.002213;
	freq_[6] = 0.165272;
	freq_[3] = 0.112406;
	freq_[7] = 0.062302;
	freq_[13] = 0.006873;
	freq_[9] = 0.011154;
	freq_[8] = 0.019853;
	freq_[11] = 0.10886;
	freq_[12] = 0.006503;
	freq_[10] = 0.019829;
	freq_[2] = 0.0522;
	freq_[5] = 0.062733;
	freq_[14] = 0.070091;
	freq_[15] = 0.057931;
	freq_[1] = 0.070537;
	freq_[16] = 0.046183;
	freq_[17] = 0.002449;
	freq_[19] = 0.019827;
	freq_[18] = 0.008629;
}


