if (getName()=="Other"){
	freq_[0] = 0.076458;
	freq_[4] = 0.007473;
	freq_[6] = 0.080952;
	freq_[3] = 0.088634;
	freq_[7] = 0.100192;
	freq_[13] = 0.023159;
	freq_[9] = 0.03173;
	freq_[8] = 0.025439;
	freq_[11] = 0.070835;
	freq_[12] = 0.014039;
	freq_[10] = 0.0532;
	freq_[2] = 0.055429;
	freq_[5] = 0.040671;
	freq_[14] = 0.087111;
	freq_[15] = 0.063636;
	freq_[1] = 0.052393;
	freq_[16] = 0.055346;
	freq_[17] = 0.007033;
	freq_[19] = 0.04259;
	freq_[18] = 0.023779;
}


if (getName()=="Extended"){
	freq_[0] = 0.062087;
	freq_[4] = 0.013132;
	freq_[6] = 0.061043;
	freq_[3] = 0.032063;
	freq_[7] = 0.030664;
	freq_[13] = 0.045996;
	freq_[9] = 0.104732;
	freq_[8] = 0.022696;
	freq_[11] = 0.054991;
	freq_[12] = 0.022312;
	freq_[10] = 0.099541;
	freq_[2] = 0.023743;
	freq_[5] = 0.034151;
	freq_[14] = 0.025392;
	freq_[15] = 0.045673;
	freq_[1] = 0.053435;
	freq_[16] = 0.072789;
	freq_[17] = 0.012691;
	freq_[19] = 0.139079;
	freq_[18] = 0.04379;
}


if (getName()=="Helix"){
	freq_[0] = 0.121953;
	freq_[4] = 0.006842;
	freq_[6] = 0.131841;
	freq_[3] = 0.066765;
	freq_[7] = 0.026596;
	freq_[13] = 0.024145;
	freq_[9] = 0.047287;
	freq_[8] = 0.020392;
	freq_[11] = 0.084678;
	freq_[12] = 0.02097;
	freq_[10] = 0.087918;
	freq_[2] = 0.032215;
	freq_[5] = 0.061304;
	freq_[14] = 0.025871;
	freq_[15] = 0.042103;
	freq_[1] = 0.076797;
	freq_[16] = 0.038715;
	freq_[17] = 0.008346;
	freq_[19] = 0.051421;
	freq_[18] = 0.023841;
}


