freq_[0]=0.0866279;
freq_[4]=0.0193078;
freq_[6]=0.0580589;
freq_[3]=0.0570451;
freq_[7]=0.0832518;
freq_[13]=0.0384319;
freq_[9]=0.048466;
freq_[8]=0.0244313;
freq_[11]=0.0620286;
freq_[12]=0.0195027;
freq_[10]=0.086209;
freq_[2]=0.0390894;
freq_[5]=0.0367281;
freq_[14]=0.0457632;
freq_[15]=0.0695179;
freq_[1]=0.043972;
freq_[16]=0.0610127;
freq_[17]=0.0143859;
freq_[19]=0.0708956;
freq_[18]=0.0352742;

